2000000000	-1.48084163665771	 		2000000000	153.085159301758	 		2000000000	-1.48084163665771	 		2000000000	153.085159301758	 
2001587301.5873	-1.48084008693695	 		2001587301.5873	153.085525512695	 		2001587301.5873	-1.48084008693695	 		2001587301.5873	153.085525512695	 
2003174603.1746	-1.48498475551605	 		2003174603.1746	152.062210083008	 		2003174603.1746	-1.48498475551605	 		2003174603.1746	152.062210083008	 
2004761904.7619	-1.48830556869507	 		2004761904.7619	151.108535766602	 		2004761904.7619	-1.48830556869507	 		2004761904.7619	151.108535766602	 
2006349206.34921	-1.48705661296844	 		2006349206.34921	150.351119995117	 		2006349206.34921	-1.48705661296844	 		2006349206.34921	150.351119995117	 
2007936507.93651	-1.4849317073822	 		2007936507.93651	149.478500366211	 		2007936507.93651	-1.4849317073822	 		2007936507.93651	149.478500366211	 
2009523809.52381	-1.49059247970581	 		2009523809.52381	148.618209838867	 		2009523809.52381	-1.49059247970581	 		2009523809.52381	148.618209838867	 
2011111111.11111	-1.48900389671326	 		2011111111.11111	147.693405151367	 		2011111111.11111	-1.48900389671326	 		2011111111.11111	147.693405151367	 
2012698412.69841	-1.49400770664215	 		2012698412.69841	146.860443115234	 		2012698412.69841	-1.49400770664215	 		2012698412.69841	146.860443115234	 
2014285714.28571	-1.49901938438416	 		2014285714.28571	145.972747802734	 		2014285714.28571	-1.49901938438416	 		2014285714.28571	145.972747802734	 
2015873015.87302	-1.49694061279297	 		2015873015.87302	145.090301513672	 		2015873015.87302	-1.49694061279297	 		2015873015.87302	145.090301513672	 
2017460317.46032	-1.49871921539307	 		2017460317.46032	144.354583740234	 		2017460317.46032	-1.49871921539307	 		2017460317.46032	144.354583740234	 
2019047619.04762	-1.49643564224243	 		2019047619.04762	143.469467163086	 		2019047619.04762	-1.49643564224243	 		2019047619.04762	143.469467163086	 
2020634920.63492	-1.49567437171936	 		2020634920.63492	142.645660400391	 		2020634920.63492	-1.49567437171936	 		2020634920.63492	142.645660400391	 
2022222222.22222	-1.49710488319397	 		2022222222.22222	141.880889892578	 		2022222222.22222	-1.49710488319397	 		2022222222.22222	141.880889892578	 
2023809523.80952	-1.49720740318298	 		2023809523.80952	141.026580810547	 		2023809523.80952	-1.49720740318298	 		2023809523.80952	141.026580810547	 
2025396825.39683	-1.49543392658234	 		2025396825.39683	140.397201538086	 		2025396825.39683	-1.49543392658234	 		2025396825.39683	140.397201538086	 
2026984126.98413	-1.49366569519043	 		2026984126.98413	139.531295776367	 		2026984126.98413	-1.49366569519043	 		2026984126.98413	139.531295776367	 
2028571428.57143	-1.4895054101944	 		2028571428.57143	138.678421020508	 		2028571428.57143	-1.4895054101944	 		2028571428.57143	138.678421020508	 
2030158730.15873	-1.48855233192444	 		2030158730.15873	137.935272216797	 		2030158730.15873	-1.48855233192444	 		2030158730.15873	137.935272216797	 
2031746031.74603	-1.48477745056152	 		2031746031.74603	137.25764465332	 		2031746031.74603	-1.48477745056152	 		2031746031.74603	137.25764465332	 
2033333333.33333	-1.47961318492889	 		2033333333.33333	136.39143371582	 		2033333333.33333	-1.47961318492889	 		2033333333.33333	136.39143371582	 
2034920634.92063	-1.47547471523285	 		2034920634.92063	135.706451416016	 		2034920634.92063	-1.47547471523285	 		2034920634.92063	135.706451416016	 
2036507936.50794	-1.46882820129395	 		2036507936.50794	134.992874145508	 		2036507936.50794	-1.46882820129395	 		2036507936.50794	134.992874145508	 
2038095238.09524	-1.45930159091949	 		2038095238.09524	134.226486206055	 		2038095238.09524	-1.45930159091949	 		2038095238.09524	134.226486206055	 
2039682539.68254	-1.45780193805695	 		2039682539.68254	133.371917724609	 		2039682539.68254	-1.45780193805695	 		2039682539.68254	133.371917724609	 
2041269841.26984	-1.44236755371094	 		2041269841.26984	132.693664550781	 		2041269841.26984	-1.44236755371094	 		2041269841.26984	132.693664550781	 
2042857142.85714	-1.43563437461853	 		2042857142.85714	132.043701171875	 		2042857142.85714	-1.43563437461853	 		2042857142.85714	132.043701171875	 
2044444444.44444	-1.42601418495178	 		2044444444.44444	131.154098510742	 		2044444444.44444	-1.42601418495178	 		2044444444.44444	131.154098510742	 
2046031746.03175	-1.4203634262085	 		2046031746.03175	130.564651489258	 		2046031746.03175	-1.4203634262085	 		2046031746.03175	130.564651489258	 
2047619047.61905	-1.40712201595306	 		2047619047.61905	129.735488891602	 		2047619047.61905	-1.40712201595306	 		2047619047.61905	129.735488891602	 
2049206349.20635	-1.40192711353302	 		2049206349.20635	129.068740844727	 		2049206349.20635	-1.40192711353302	 		2049206349.20635	129.068740844727	 
2050793650.79365	-1.39437007904053	 		2050793650.79365	128.350387573242	 		2050793650.79365	-1.39437007904053	 		2050793650.79365	128.350387573242	 
2052380952.38095	-1.3909147977829	 		2052380952.38095	127.577026367188	 		2052380952.38095	-1.3909147977829	 		2052380952.38095	127.577026367188	 
2053968253.96825	-1.3792599439621	 		2053968253.96825	126.872001647949	 		2053968253.96825	-1.3792599439621	 		2053968253.96825	126.872001647949	 
2055555555.55556	-1.38402903079987	 		2055555555.55556	126.02262878418	 		2055555555.55556	-1.38402903079987	 		2055555555.55556	126.02262878418	 
2057142857.14286	-1.3807018995285	 		2057142857.14286	125.267875671387	 		2057142857.14286	-1.3807018995285	 		2057142857.14286	125.267875671387	 
2058730158.73016	-1.38363027572632	 		2058730158.73016	124.47534942627	 		2058730158.73016	-1.38363027572632	 		2058730158.73016	124.47534942627	 
2060317460.31746	-1.38658237457275	 		2060317460.31746	123.876190185547	 		2060317460.31746	-1.38658237457275	 		2060317460.31746	123.876190185547	 
2061904761.90476	-1.38923513889313	 		2061904761.90476	123.136047363281	 		2061904761.90476	-1.38923513889313	 		2061904761.90476	123.136047363281	 
2063492063.49206	-1.40989446640015	 		2063492063.49206	122.368324279785	 		2063492063.49206	-1.40989446640015	 		2063492063.49206	122.368324279785	 
2065079365.07937	-1.41858386993408	 		2065079365.07937	121.672325134277	 		2065079365.07937	-1.41858386993408	 		2065079365.07937	121.672325134277	 
2066666666.66667	-1.42416667938232	 		2066666666.66667	120.997398376465	 		2066666666.66667	-1.42416667938232	 		2066666666.66667	120.997398376465	 
2068253968.25397	-1.44174528121948	 		2068253968.25397	120.262001037598	 		2068253968.25397	-1.44174528121948	 		2068253968.25397	120.262001037598	 
2069841269.84127	-1.44794237613678	 		2069841269.84127	119.772285461426	 		2069841269.84127	-1.44794237613678	 		2069841269.84127	119.772285461426	 
2071428571.42857	-1.45781660079956	 		2071428571.42857	119.19841003418	 		2071428571.42857	-1.45781660079956	 		2071428571.42857	119.19841003418	 
2073015873.01587	-1.46162021160126	 		2073015873.01587	118.51734161377	 		2073015873.01587	-1.46162021160126	 		2073015873.01587	118.51734161377	 
2074603174.60317	-1.46350181102753	 		2074603174.60317	118.167442321777	 		2074603174.60317	-1.46350181102753	 		2074603174.60317	118.167442321777	 
2076190476.19048	-1.45523548126221	 		2076190476.19048	117.61408996582	 		2076190476.19048	-1.45523548126221	 		2076190476.19048	117.61408996582	 
2077777777.77778	-1.44597625732422	 		2077777777.77778	117.127174377441	 		2077777777.77778	-1.44597625732422	 		2077777777.77778	117.127174377441	 
2079365079.36508	-1.42666471004486	 		2079365079.36508	116.578666687012	 		2079365079.36508	-1.42666471004486	 		2079365079.36508	116.578666687012	 
2080952380.95238	-1.3918205499649	 		2080952380.95238	116.060676574707	 		2080952380.95238	-1.3918205499649	 		2080952380.95238	116.060676574707	 
2082539682.53968	-1.353560090065	 		2082539682.53968	115.472953796387	 		2082539682.53968	-1.353560090065	 		2082539682.53968	115.472953796387	 
2084126984.12698	-1.31501054763794	 		2084126984.12698	114.882911682129	 		2084126984.12698	-1.31501054763794	 		2084126984.12698	114.882911682129	 
2085714285.71429	-1.26246070861816	 		2085714285.71429	114.181228637695	 		2085714285.71429	-1.26246070861816	 		2085714285.71429	114.181228637695	 
2087301587.30159	-1.21018743515015	 		2087301587.30159	113.313095092773	 		2087301587.30159	-1.21018743515015	 		2087301587.30159	113.313095092773	 
2088888888.88889	-1.16979670524597	 		2088888888.88889	112.55672454834	 		2088888888.88889	-1.16979670524597	 		2088888888.88889	112.55672454834	 
2090476190.47619	-1.12182259559631	 		2090476190.47619	111.542015075684	 		2090476190.47619	-1.12182259559631	 		2090476190.47619	111.542015075684	 
2092063492.06349	-1.06882297992706	 		2092063492.06349	110.712898254395	 		2092063492.06349	-1.06882297992706	 		2092063492.06349	110.712898254395	 
2093650793.65079	-1.02736794948578	 		2093650793.65079	109.946060180664	 		2093650793.65079	-1.02736794948578	 		2093650793.65079	109.946060180664	 
2095238095.2381	-0.992808997631073	 		2095238095.2381	108.91822052002	 		2095238095.2381	-0.992808997631073	 		2095238095.2381	108.91822052002	 
2096825396.8254	-0.970918238162994	 		2096825396.8254	107.758415222168	 		2096825396.8254	-0.970918238162994	 		2096825396.8254	107.758415222168	 
2098412698.4127	-0.946009516716003	 		2098412698.4127	106.720680236816	 		2098412698.4127	-0.946009516716003	 		2098412698.4127	106.720680236816	 
2100000000	-0.929728746414185	 		2100000000	105.673667907715	 		2100000000	-0.929728746414185	 		2100000000	105.673667907715	 
2101587301.5873	-0.933387219905853	 		2101587301.5873	104.602714538574	 		2101587301.5873	-0.933387219905853	 		2101587301.5873	104.602714538574	 
2103174603.1746	-0.942987978458405	 		2103174603.1746	103.585952758789	 		2103174603.1746	-0.942987978458405	 		2103174603.1746	103.585952758789	 
2104761904.7619	-0.94980001449585	 		2104761904.7619	102.52165222168	 		2104761904.7619	-0.94980001449585	 		2104761904.7619	102.52165222168	 
2106349206.34921	-0.962698817253113	 		2106349206.34921	101.55485534668	 		2106349206.34921	-0.962698817253113	 		2106349206.34921	101.55485534668	 
2107936507.93651	-0.98207950592041	 		2107936507.93651	100.570526123047	 		2107936507.93651	-0.98207950592041	 		2107936507.93651	100.570526123047	 
2109523809.52381	-1.0107296705246	 		2109523809.52381	99.5436859130859	 		2109523809.52381	-1.0107296705246	 		2109523809.52381	99.5436859130859	 
2111111111.11111	-1.0411297082901	 		2111111111.11111	98.6518020629883	 		2111111111.11111	-1.0411297082901	 		2111111111.11111	98.6518020629883	 
2112698412.69841	-1.06652545928955	 		2112698412.69841	97.7329406738281	 		2112698412.69841	-1.06652545928955	 		2112698412.69841	97.7329406738281	 
2114285714.28571	-1.09236836433411	 		2114285714.28571	96.8237686157227	 		2114285714.28571	-1.09236836433411	 		2114285714.28571	96.8237686157227	 
2115873015.87302	-1.10944259166718	 		2115873015.87302	96.0696182250977	 		2115873015.87302	-1.10944259166718	 		2115873015.87302	96.0696182250977	 
2117460317.46032	-1.14265239238739	 		2117460317.46032	95.0916519165039	 		2117460317.46032	-1.14265239238739	 		2117460317.46032	95.0916519165039	 
2119047619.04762	-1.16758346557617	 		2119047619.04762	94.4492568969727	 		2119047619.04762	-1.16758346557617	 		2119047619.04762	94.4492568969727	 
2120634920.63492	-1.18511414527893	 		2120634920.63492	93.5771102905273	 		2120634920.63492	-1.18511414527893	 		2120634920.63492	93.5771102905273	 
2122222222.22222	-1.21277046203613	 		2122222222.22222	92.7774429321289	 		2122222222.22222	-1.21277046203613	 		2122222222.22222	92.7774429321289	 
2123809523.80952	-1.227614402771	 		2123809523.80952	92.1161270141602	 		2123809523.80952	-1.227614402771	 		2123809523.80952	92.1161270141602	 
2125396825.39683	-1.25071597099304	 		2125396825.39683	91.427848815918	 		2125396825.39683	-1.25071597099304	 		2125396825.39683	91.427848815918	 
2126984126.98413	-1.26800501346588	 		2126984126.98413	90.7518310546875	 		2126984126.98413	-1.26800501346588	 		2126984126.98413	90.7518310546875	 
2128571428.57143	-1.27774369716644	 		2128571428.57143	90.0530776977539	 		2128571428.57143	-1.27774369716644	 		2128571428.57143	90.0530776977539	 
2130158730.15873	-1.29471600055695	 		2130158730.15873	89.2940521240234	 		2130158730.15873	-1.29471600055695	 		2130158730.15873	89.2940521240234	 
2131746031.74603	-1.30685579776764	 		2131746031.74603	88.6975708007813	 		2131746031.74603	-1.30685579776764	 		2131746031.74603	88.6975708007813	 
2133333333.33333	-1.32032203674316	 		2133333333.33333	88.0485763549805	 		2133333333.33333	-1.32032203674316	 		2133333333.33333	88.0485763549805	 
2134920634.92063	-1.32934737205505	 		2134920634.92063	87.2987976074219	 		2134920634.92063	-1.32934737205505	 		2134920634.92063	87.2987976074219	 
2136507936.50794	-1.34102773666382	 		2136507936.50794	86.578254699707	 		2136507936.50794	-1.34102773666382	 		2136507936.50794	86.578254699707	 
2138095238.09524	-1.3577436208725	 		2138095238.09524	86.0515518188477	 		2138095238.09524	-1.3577436208725	 		2138095238.09524	86.0515518188477	 
2139682539.68254	-1.3559981584549	 		2139682539.68254	85.3783950805664	 		2139682539.68254	-1.3559981584549	 		2139682539.68254	85.3783950805664	 
2141269841.26984	-1.35608518123627	 		2141269841.26984	84.7849273681641	 		2141269841.26984	-1.35608518123627	 		2141269841.26984	84.7849273681641	 
2142857142.85714	-1.36496317386627	 		2142857142.85714	84.0265960693359	 		2142857142.85714	-1.36496317386627	 		2142857142.85714	84.0265960693359	 
2144444444.44444	-1.38197827339172	 		2144444444.44444	83.3654861450195	 		2144444444.44444	-1.38197827339172	 		2144444444.44444	83.3654861450195	 
2146031746.03175	-1.36231005191803	 		2146031746.03175	82.7672424316406	 		2146031746.03175	-1.36231005191803	 		2146031746.03175	82.7672424316406	 
2147619047.61905	-1.37228453159332	 		2147619047.61905	82.2309494018555	 		2147619047.61905	-1.37228453159332	 		2147619047.61905	82.2309494018555	 
2149206349.20635	-1.37819337844849	 		2149206349.20635	81.455940246582	 		2149206349.20635	-1.37819337844849	 		2149206349.20635	81.455940246582	 
2150793650.79365	-1.38211178779602	 		2150793650.79365	80.8603134155273	 		2150793650.79365	-1.38211178779602	 		2150793650.79365	80.8603134155273	 
2152380952.38095	-1.37636637687683	 		2152380952.38095	80.0926513671875	 		2152380952.38095	-1.37636637687683	 		2152380952.38095	80.0926513671875	 
2153968253.96825	-1.38472247123718	 		2153968253.96825	79.3858947753906	 		2153968253.96825	-1.38472247123718	 		2153968253.96825	79.3858947753906	 
2155555555.55556	-1.37345623970032	 		2155555555.55556	78.7596206665039	 		2155555555.55556	-1.37345623970032	 		2155555555.55556	78.7596206665039	 
2157142857.14286	-1.38262414932251	 		2157142857.14286	78.1256408691406	 		2157142857.14286	-1.38262414932251	 		2157142857.14286	78.1256408691406	 
2158730158.73016	-1.39933788776398	 		2158730158.73016	77.4501571655273	 		2158730158.73016	-1.39933788776398	 		2158730158.73016	77.4501571655273	 
2160317460.31746	-1.40243542194366	 		2160317460.31746	76.5454406738281	 		2160317460.31746	-1.40243542194366	 		2160317460.31746	76.5454406738281	 
2161904761.90476	-1.38809430599213	 		2161904761.90476	75.9178085327148	 		2161904761.90476	-1.38809430599213	 		2161904761.90476	75.9178085327148	 
2163492063.49206	-1.3928040266037	 		2163492063.49206	75.0978012084961	 		2163492063.49206	-1.3928040266037	 		2163492063.49206	75.0978012084961	 
2165079365.07937	-1.37550389766693	 		2165079365.07937	74.4133758544922	 		2165079365.07937	-1.37550389766693	 		2165079365.07937	74.4133758544922	 
2166666666.66667	-1.38733923435211	 		2166666666.66667	73.6632461547852	 		2166666666.66667	-1.38733923435211	 		2166666666.66667	73.6632461547852	 
2168253968.25397	-1.45848894119263	 		2168253968.25397	72.5544509887695	 		2168253968.25397	-1.45848894119263	 		2168253968.25397	72.5544509887695	 
2169841269.84127	-1.37483215332031	 		2169841269.84127	72.1673583984375	 		2169841269.84127	-1.37483215332031	 		2169841269.84127	72.1673583984375	 
2171428571.42857	-1.35787236690521	 		2171428571.42857	71.5285949707031	 		2171428571.42857	-1.35787236690521	 		2171428571.42857	71.5285949707031	 
2173015873.01587	-1.36601209640503	 		2173015873.01587	70.7638626098633	 		2173015873.01587	-1.36601209640503	 		2173015873.01587	70.7638626098633	 
2174603174.60317	-1.36703777313232	 		2174603174.60317	69.9235229492188	 		2174603174.60317	-1.36703777313232	 		2174603174.60317	69.9235229492188	 
2176190476.19048	-1.36638128757477	 		2176190476.19048	69.0754241943359	 		2176190476.19048	-1.36638128757477	 		2176190476.19048	69.0754241943359	 
2177777777.77778	-1.37490856647491	 		2177777777.77778	68.3444061279297	 		2177777777.77778	-1.37490856647491	 		2177777777.77778	68.3444061279297	 
2179365079.36508	-1.35895907878876	 		2179365079.36508	67.7467422485352	 		2179365079.36508	-1.35895907878876	 		2179365079.36508	67.7467422485352	 
2180952380.95238	-1.36039817333221	 		2180952380.95238	66.7840423583984	 		2180952380.95238	-1.36039817333221	 		2180952380.95238	66.7840423583984	 
2182539682.53968	-1.35499536991119	 		2182539682.53968	66.0801849365234	 		2182539682.53968	-1.35499536991119	 		2182539682.53968	66.0801849365234	 
2184126984.12698	-1.3593122959137	 		2184126984.12698	65.3544998168945	 		2184126984.12698	-1.3593122959137	 		2184126984.12698	65.3544998168945	 
2185714285.71429	-1.35803651809692	 		2185714285.71429	64.4393310546875	 		2185714285.71429	-1.35803651809692	 		2185714285.71429	64.4393310546875	 
2187301587.30159	-1.35643208026886	 		2187301587.30159	63.5911407470703	 		2187301587.30159	-1.35643208026886	 		2187301587.30159	63.5911407470703	 
2188888888.88889	-1.35116529464722	 		2188888888.88889	62.7840576171875	 		2188888888.88889	-1.35116529464722	 		2188888888.88889	62.7840576171875	 
2190476190.47619	-1.36164593696594	 		2190476190.47619	62.0322532653809	 		2190476190.47619	-1.36164593696594	 		2190476190.47619	62.0322532653809	 
2192063492.06349	-1.34649443626404	 		2192063492.06349	61.1573219299316	 		2192063492.06349	-1.34649443626404	 		2192063492.06349	61.1573219299316	 
2193650793.65079	-1.35831832885742	 		2193650793.65079	60.3076286315918	 		2193650793.65079	-1.35831832885742	 		2193650793.65079	60.3076286315918	 
2195238095.2381	-1.3542046546936	 		2195238095.2381	59.6530876159668	 		2195238095.2381	-1.3542046546936	 		2195238095.2381	59.6530876159668	 
2196825396.8254	-1.36348879337311	 		2196825396.8254	58.7283821105957	 		2196825396.8254	-1.36348879337311	 		2196825396.8254	58.7283821105957	 
2198412698.4127	-1.36466300487518	 		2198412698.4127	58.0219841003418	 		2198412698.4127	-1.36466300487518	 		2198412698.4127	58.0219841003418	 
2200000000	-1.37670803070068	 		2200000000	57.4025764465332	 		2200000000	-1.37670803070068	 		2200000000	57.4025764465332	 
2201587301.5873	-1.36312437057495	 		2201587301.5873	56.5503921508789	 		2201587301.5873	-1.36312437057495	 		2201587301.5873	56.5503921508789	 
2203174603.1746	-1.36763978004456	 		2203174603.1746	55.7704238891602	 		2203174603.1746	-1.36763978004456	 		2203174603.1746	55.7704238891602	 
2204761904.7619	-1.37712669372559	 		2204761904.7619	55.0603904724121	 		2204761904.7619	-1.37712669372559	 		2204761904.7619	55.0603904724121	 
2206349206.34921	-1.38703322410583	 		2206349206.34921	54.3202476501465	 		2206349206.34921	-1.38703322410583	 		2206349206.34921	54.3202476501465	 
2207936507.93651	-1.37700951099396	 		2207936507.93651	53.6330528259277	 		2207936507.93651	-1.37700951099396	 		2207936507.93651	53.6330528259277	 
2209523809.52381	-1.38971018791199	 		2209523809.52381	52.8697929382324	 		2209523809.52381	-1.38971018791199	 		2209523809.52381	52.8697929382324	 
2211111111.11111	-1.38495576381683	 		2211111111.11111	52.1967811584473	 		2211111111.11111	-1.38495576381683	 		2211111111.11111	52.1967811584473	 
2212698412.69841	-1.39399468898773	 		2212698412.69841	51.5856513977051	 		2212698412.69841	-1.39399468898773	 		2212698412.69841	51.5856513977051	 
2214285714.28571	-1.39853417873383	 		2214285714.28571	50.9043388366699	 		2214285714.28571	-1.39853417873383	 		2214285714.28571	50.9043388366699	 
2215873015.87302	-1.3949179649353	 		2215873015.87302	50.2498474121094	 		2215873015.87302	-1.3949179649353	 		2215873015.87302	50.2498474121094	 
2217460317.46032	-1.39905858039856	 		2217460317.46032	49.4963493347168	 		2217460317.46032	-1.39905858039856	 		2217460317.46032	49.4963493347168	 
2219047619.04762	-1.39624774456024	 		2219047619.04762	48.9755935668945	 		2219047619.04762	-1.39624774456024	 		2219047619.04762	48.9755935668945	 
2220634920.63492	-1.40628707408905	 		2220634920.63492	48.1938362121582	 		2220634920.63492	-1.40628707408905	 		2220634920.63492	48.1938362121582	 
2222222222.22222	-1.40045571327209	 		2222222222.22222	47.5922660827637	 		2222222222.22222	-1.40045571327209	 		2222222222.22222	47.5922660827637	 
2223809523.80952	-1.40482807159424	 		2223809523.80952	46.9799499511719	 		2223809523.80952	-1.40482807159424	 		2223809523.80952	46.9799499511719	 
2225396825.39683	-1.41181004047394	 		2225396825.39683	46.4127769470215	 		2225396825.39683	-1.41181004047394	 		2225396825.39683	46.4127769470215	 
2226984126.98413	-1.40182411670685	 		2226984126.98413	45.7328109741211	 		2226984126.98413	-1.40182411670685	 		2226984126.98413	45.7328109741211	 
2228571428.57143	-1.40672159194946	 		2228571428.57143	45.1261863708496	 		2228571428.57143	-1.40672159194946	 		2228571428.57143	45.1261863708496	 
2230158730.15873	-1.40883111953735	 		2230158730.15873	44.5831298828125	 		2230158730.15873	-1.40883111953735	 		2230158730.15873	44.5831298828125	 
2231746031.74603	-1.40259349346161	 		2231746031.74603	43.9375457763672	 		2231746031.74603	-1.40259349346161	 		2231746031.74603	43.9375457763672	 
2233333333.33333	-1.40453350543976	 		2233333333.33333	43.2675590515137	 		2233333333.33333	-1.40453350543976	 		2233333333.33333	43.2675590515137	 
2234920634.92063	-1.40240025520325	 		2234920634.92063	42.6984252929688	 		2234920634.92063	-1.40240025520325	 		2234920634.92063	42.6984252929688	 
2236507936.50794	-1.40023648738861	 		2236507936.50794	42.1598320007324	 		2236507936.50794	-1.40023648738861	 		2236507936.50794	42.1598320007324	 
2238095238.09524	-1.40008568763733	 		2238095238.09524	41.6319274902344	 		2238095238.09524	-1.40008568763733	 		2238095238.09524	41.6319274902344	 
2239682539.68254	-1.39700484275818	 		2239682539.68254	40.9905090332031	 		2239682539.68254	-1.39700484275818	 		2239682539.68254	40.9905090332031	 
2241269841.26984	-1.40334701538086	 		2241269841.26984	40.269718170166	 		2241269841.26984	-1.40334701538086	 		2241269841.26984	40.269718170166	 
2242857142.85714	-1.40241122245789	 		2242857142.85714	39.777042388916	 		2242857142.85714	-1.40241122245789	 		2242857142.85714	39.777042388916	 
2244444444.44444	-1.3984466791153	 		2244444444.44444	39.0757179260254	 		2244444444.44444	-1.3984466791153	 		2244444444.44444	39.0757179260254	 
2246031746.03175	-1.39081215858459	 		2246031746.03175	38.4561958312988	 		2246031746.03175	-1.39081215858459	 		2246031746.03175	38.4561958312988	 
2247619047.61905	-1.38830161094666	 		2247619047.61905	37.751220703125	 		2247619047.61905	-1.38830161094666	 		2247619047.61905	37.751220703125	 
2249206349.20635	-1.3894430398941	 		2249206349.20635	37.1381988525391	 		2249206349.20635	-1.3894430398941	 		2249206349.20635	37.1381988525391	 
2250793650.79365	-1.37985634803772	 		2250793650.79365	36.4313278198242	 		2250793650.79365	-1.37985634803772	 		2250793650.79365	36.4313278198242	 
2252380952.38095	-1.39290845394135	 		2252380952.38095	35.7284736633301	 		2252380952.38095	-1.39290845394135	 		2252380952.38095	35.7284736633301	 
2253968253.96825	-1.37426745891571	 		2253968253.96825	35.1747016906738	 		2253968253.96825	-1.37426745891571	 		2253968253.96825	35.1747016906738	 
2255555555.55556	-1.37764286994934	 		2255555555.55556	34.4129447937012	 		2255555555.55556	-1.37764286994934	 		2255555555.55556	34.4129447937012	 
2257142857.14286	-1.37920689582825	 		2257142857.14286	33.7083473205566	 		2257142857.14286	-1.37920689582825	 		2257142857.14286	33.7083473205566	 
2258730158.73016	-1.3819226026535	 		2258730158.73016	33.0893058776855	 		2258730158.73016	-1.3819226026535	 		2258730158.73016	33.0893058776855	 
2260317460.31746	-1.37833738327026	 		2260317460.31746	32.2663841247559	 		2260317460.31746	-1.37833738327026	 		2260317460.31746	32.2663841247559	 
2261904761.90476	-1.37638938426971	 		2261904761.90476	31.5908393859863	 		2261904761.90476	-1.37638938426971	 		2261904761.90476	31.5908393859863	 
2263492063.49206	-1.3718855381012	 		2263492063.49206	30.8379764556885	 		2263492063.49206	-1.3718855381012	 		2263492063.49206	30.8379764556885	 
2265079365.07937	-1.37126708030701	 		2265079365.07937	29.9288215637207	 		2265079365.07937	-1.37126708030701	 		2265079365.07937	29.9288215637207	 
2266666666.66667	-1.37261402606964	 		2266666666.66667	29.1817302703857	 		2266666666.66667	-1.37261402606964	 		2266666666.66667	29.1817302703857	 
2268253968.25397	-1.37497901916504	 		2268253968.25397	28.416955947876	 		2268253968.25397	-1.37497901916504	 		2268253968.25397	28.416955947876	 
2269841269.84127	-1.38926005363464	 		2269841269.84127	27.604133605957	 		2269841269.84127	-1.38926005363464	 		2269841269.84127	27.604133605957	 
2271428571.42857	-1.38345766067505	 		2271428571.42857	26.903528213501	 		2271428571.42857	-1.38345766067505	 		2271428571.42857	26.903528213501	 
2273015873.01587	-1.38477063179016	 		2273015873.01587	26.0981159210205	 		2273015873.01587	-1.38477063179016	 		2273015873.01587	26.0981159210205	 
2274603174.60317	-1.38576769828796	 		2274603174.60317	25.277099609375	 		2274603174.60317	-1.38576769828796	 		2274603174.60317	25.277099609375	 
2276190476.19048	-1.39601254463196	 		2276190476.19048	24.321964263916	 		2276190476.19048	-1.39601254463196	 		2276190476.19048	24.321964263916	 
2277777777.77778	-1.40298616886139	 		2277777777.77778	23.5475311279297	 		2277777777.77778	-1.40298616886139	 		2277777777.77778	23.5475311279297	 
2279365079.36508	-1.40539824962616	 		2279365079.36508	22.7049903869629	 		2279365079.36508	-1.40539824962616	 		2279365079.36508	22.7049903869629	 
2280952380.95238	-1.41236853599548	 		2280952380.95238	21.9233646392822	 		2280952380.95238	-1.41236853599548	 		2280952380.95238	21.9233646392822	 
2282539682.53968	-1.41326057910919	 		2282539682.53968	21.1631984710693	 		2282539682.53968	-1.41326057910919	 		2282539682.53968	21.1631984710693	 
2284126984.12698	-1.42062795162201	 		2284126984.12698	20.2891864776611	 		2284126984.12698	-1.42062795162201	 		2284126984.12698	20.2891864776611	 
2285714285.71429	-1.41634547710419	 		2285714285.71429	19.5215644836426	 		2285714285.71429	-1.41634547710419	 		2285714285.71429	19.5215644836426	 
2287301587.30159	-1.42829144001007	 		2287301587.30159	18.7342891693115	 		2287301587.30159	-1.42829144001007	 		2287301587.30159	18.7342891693115	 
2288888888.88889	-1.42712998390198	 		2288888888.88889	17.9346103668213	 		2288888888.88889	-1.42712998390198	 		2288888888.88889	17.9346103668213	 
2290476190.47619	-1.43007028102875	 		2290476190.47619	17.1363220214844	 		2290476190.47619	-1.43007028102875	 		2290476190.47619	17.1363220214844	 
2292063492.06349	-1.43119418621063	 		2292063492.06349	16.385425567627	 		2292063492.06349	-1.43119418621063	 		2292063492.06349	16.385425567627	 
2293650793.65079	-1.44421482086182	 		2293650793.65079	15.7177896499634	 		2293650793.65079	-1.44421482086182	 		2293650793.65079	15.7177896499634	 
2295238095.2381	-1.44478964805603	 		2295238095.2381	14.9593267440796	 		2295238095.2381	-1.44478964805603	 		2295238095.2381	14.9593267440796	 
2296825396.8254	-1.45029735565186	 		2296825396.8254	14.1254081726074	 		2296825396.8254	-1.45029735565186	 		2296825396.8254	14.1254081726074	 
2298412698.4127	-1.45097231864929	 		2298412698.4127	13.4864330291748	 		2298412698.4127	-1.45097231864929	 		2298412698.4127	13.4864330291748	 
2300000000	-1.45325195789337	 		2300000000	12.8716526031494	 		2300000000	-1.45325195789337	 		2300000000	12.8716526031494	 
2301587301.5873	-1.45874714851379	 		2301587301.5873	12.2002611160278	 		2301587301.5873	-1.45874714851379	 		2301587301.5873	12.2002611160278	 
2303174603.1746	-1.46181321144104	 		2303174603.1746	11.5027990341187	 		2303174603.1746	-1.46181321144104	 		2303174603.1746	11.5027990341187	 
2304761904.7619	-1.45753681659698	 		2304761904.7619	10.9079532623291	 		2304761904.7619	-1.45753681659698	 		2304761904.7619	10.9079532623291	 
2306349206.34921	-1.45735430717468	 		2306349206.34921	10.2236938476563	 		2306349206.34921	-1.45735430717468	 		2306349206.34921	10.2236938476563	 
2307936507.93651	-1.45473551750183	 		2307936507.93651	9.60658359527588	 		2307936507.93651	-1.45473551750183	 		2307936507.93651	9.60658359527588	 
2309523809.52381	-1.45062732696533	 		2309523809.52381	8.95682334899902	 		2309523809.52381	-1.45062732696533	 		2309523809.52381	8.95682334899902	 
2311111111.11111	-1.45139729976654	 		2311111111.11111	8.41909790039063	 		2311111111.11111	-1.45139729976654	 		2311111111.11111	8.41909790039063	 
2312698412.69841	-1.45437169075012	 		2312698412.69841	7.77776432037354	 		2312698412.69841	-1.45437169075012	 		2312698412.69841	7.77776432037354	 
2314285714.28571	-1.44175243377686	 		2314285714.28571	7.19825983047485	 		2314285714.28571	-1.44175243377686	 		2314285714.28571	7.19825983047485	 
2315873015.87302	-1.43504059314728	 		2315873015.87302	6.42053079605103	 		2315873015.87302	-1.43504059314728	 		2315873015.87302	6.42053079605103	 
2317460317.46032	-1.43644547462463	 		2317460317.46032	5.91937589645386	 		2317460317.46032	-1.43644547462463	 		2317460317.46032	5.91937589645386	 
2319047619.04762	-1.42588579654694	 		2319047619.04762	5.23264694213867	 		2319047619.04762	-1.42588579654694	 		2319047619.04762	5.23264694213867	 
2320634920.63492	-1.4214494228363	 		2320634920.63492	4.76492261886597	 		2320634920.63492	-1.4214494228363	 		2320634920.63492	4.76492261886597	 
2322222222.22222	-1.41471302509308	 		2322222222.22222	4.10126972198486	 		2322222222.22222	-1.41471302509308	 		2322222222.22222	4.10126972198486	 
2323809523.80952	-1.41305673122406	 		2323809523.80952	3.48542714118958	 		2323809523.80952	-1.41305673122406	 		2323809523.80952	3.48542714118958	 
2325396825.39683	-1.4043025970459	 		2325396825.39683	2.96446108818054	 		2325396825.39683	-1.4043025970459	 		2325396825.39683	2.96446108818054	 
2326984126.98413	-1.39280450344086	 		2326984126.98413	2.40853929519653	 		2326984126.98413	-1.39280450344086	 		2326984126.98413	2.40853929519653	 
2328571428.57143	-1.37947154045105	 		2328571428.57143	1.75985169410706	 		2328571428.57143	-1.37947154045105	 		2328571428.57143	1.75985169410706	 
2330158730.15873	-1.37228560447693	 		2330158730.15873	1.10462844371796	 		2330158730.15873	-1.37228560447693	 		2330158730.15873	1.10462844371796	 
2331746031.74603	-1.36548888683319	 		2331746031.74603	0.39676371216774	 		2331746031.74603	-1.36548888683319	 		2331746031.74603	0.396763682365417	 
2333333333.33333	-1.35506725311279	 		2333333333.33333	-0.217996835708618	 		2333333333.33333	-1.35506725311279	 		2333333333.33333	-0.217996835708618	 
2334920634.92063	-1.34858596324921	 		2334920634.92063	-0.822986543178558	 		2334920634.92063	-1.34858596324921	 		2334920634.92063	-0.822986543178558	 
2336507936.50794	-1.33716428279877	 		2336507936.50794	-1.55138874053955	 		2336507936.50794	-1.33716428279877	 		2336507936.50794	-1.55138874053955	 
2338095238.09524	-1.33298408985138	 		2338095238.09524	-2.10510969161987	 		2338095238.09524	-1.33298408985138	 		2338095238.09524	-2.10510969161987	 
2339682539.68254	-1.32260656356812	 		2339682539.68254	-2.80270099639893	 		2339682539.68254	-1.32260656356812	 		2339682539.68254	-2.80270099639893	 
2341269841.26984	-1.32775819301605	 		2341269841.26984	-3.56257796287537	 		2341269841.26984	-1.32775819301605	 		2341269841.26984	-3.56257796287537	 
2342857142.85714	-1.31795072555542	 		2342857142.85714	-4.23855543136597	 		2342857142.85714	-1.31795072555542	 		2342857142.85714	-4.23855543136597	 
2344444444.44444	-1.31142950057983	 		2344444444.44444	-4.93337249755859	 		2344444444.44444	-1.31142950057983	 		2344444444.44444	-4.93337249755859	 
2346031746.03175	-1.30301415920258	 		2346031746.03175	-5.61388874053955	 		2346031746.03175	-1.30301415920258	 		2346031746.03175	-5.61388874053955	 
2347619047.61905	-1.29890322685242	 		2347619047.61905	-6.47942209243774	 		2347619047.61905	-1.29890322685242	 		2347619047.61905	-6.47942209243774	 
2349206349.20635	-1.30482494831085	 		2349206349.20635	-7.1284761428833	 		2349206349.20635	-1.30482494831085	 		2349206349.20635	-7.1284761428833	 
2350793650.79365	-1.30533719062805	 		2350793650.79365	-7.89437341690063	 		2350793650.79365	-1.30533719062805	 		2350793650.79365	-7.89437341690063	 
2352380952.38095	-1.30404722690582	 		2352380952.38095	-8.7147045135498	 		2352380952.38095	-1.30404722690582	 		2352380952.38095	-8.7147045135498	 
2353968253.96825	-1.30363357067108	 		2353968253.96825	-9.45367240905762	 		2353968253.96825	-1.30363357067108	 		2353968253.96825	-9.45367240905762	 
2355555555.55556	-1.30505192279816	 		2355555555.55556	-10.3267984390259	 		2355555555.55556	-1.30505192279816	 		2355555555.55556	-10.3267984390259	 
2357142857.14286	-1.30906927585602	 		2357142857.14286	-11.131031036377	 		2357142857.14286	-1.30906927585602	 		2357142857.14286	-11.131031036377	 
2358730158.73016	-1.31080543994904	 		2358730158.73016	-11.951584815979	 		2358730158.73016	-1.31080543994904	 		2358730158.73016	-11.951584815979	 
2360317460.31746	-1.31622672080994	 		2360317460.31746	-12.6579570770264	 		2360317460.31746	-1.31622672080994	 		2360317460.31746	-12.6579570770264	 
2361904761.90476	-1.32227694988251	 		2361904761.90476	-13.6162528991699	 		2361904761.90476	-1.32227694988251	 		2361904761.90476	-13.6162528991699	 
2363492063.49206	-1.32823836803436	 		2363492063.49206	-14.4026966094971	 		2363492063.49206	-1.32823836803436	 		2363492063.49206	-14.4026966094971	 
2365079365.07937	-1.33678066730499	 		2365079365.07937	-15.196403503418	 		2365079365.07937	-1.33678066730499	 		2365079365.07937	-15.196403503418	 
2366666666.66667	-1.34415245056152	 		2366666666.66667	-16.0968399047852	 		2366666666.66667	-1.34415245056152	 		2366666666.66667	-16.0968399047852	 
2368253968.25397	-1.34715533256531	 		2368253968.25397	-16.9057159423828	 		2368253968.25397	-1.34715533256531	 		2368253968.25397	-16.9057159423828	 
2369841269.84127	-1.3502824306488	 		2369841269.84127	-17.5869884490967	 		2369841269.84127	-1.3502824306488	 		2369841269.84127	-17.5869884490967	 
2371428571.42857	-1.36696124076843	 		2371428571.42857	-18.4247531890869	 		2371428571.42857	-1.36696124076843	 		2371428571.42857	-18.4247531890869	 
2373015873.01587	-1.37805259227753	 		2373015873.01587	-19.227596282959	 		2373015873.01587	-1.37805259227753	 		2373015873.01587	-19.227596282959	 
2374603174.60317	-1.38600122928619	 		2374603174.60317	-20.062105178833	 		2374603174.60317	-1.38600122928619	 		2374603174.60317	-20.062105178833	 
2376190476.19048	-1.38852751255035	 		2376190476.19048	-20.8723258972168	 		2376190476.19048	-1.38852751255035	 		2376190476.19048	-20.8723258972168	 
2377777777.77778	-1.40258872509003	 		2377777777.77778	-21.5972900390625	 		2377777777.77778	-1.40258872509003	 		2377777777.77778	-21.5972900390625	 
2379365079.36508	-1.40790832042694	 		2379365079.36508	-22.3373641967773	 		2379365079.36508	-1.40790832042694	 		2379365079.36508	-22.3373641967773	 
2380952380.95238	-1.41335201263428	 		2380952380.95238	-23.0910472869873	 		2380952380.95238	-1.41335201263428	 		2380952380.95238	-23.0910472869873	 
2382539682.53968	-1.41882181167603	 		2382539682.53968	-23.8892307281494	 		2382539682.53968	-1.41882181167603	 		2382539682.53968	-23.8892307281494	 
2384126984.12698	-1.4188951253891	 		2384126984.12698	-24.754467010498	 		2384126984.12698	-1.4188951253891	 		2384126984.12698	-24.754467010498	 
2385714285.71429	-1.42175829410553	 		2385714285.71429	-25.4016571044922	 		2385714285.71429	-1.42175829410553	 		2385714285.71429	-25.4016571044922	 
2387301587.30159	-1.42624235153198	 		2387301587.30159	-25.9919986724854	 		2387301587.30159	-1.42624235153198	 		2387301587.30159	-25.9919986724854	 
2388888888.88889	-1.42692732810974	 		2388888888.88889	-26.711462020874	 		2388888888.88889	-1.42692732810974	 		2388888888.88889	-26.711462020874	 
2390476190.47619	-1.42848408222198	 		2390476190.47619	-27.4478607177734	 		2390476190.47619	-1.42848408222198	 		2390476190.47619	-27.4478607177734	 
2392063492.06349	-1.42786741256714	 		2392063492.06349	-28.1175117492676	 		2392063492.06349	-1.42786741256714	 		2392063492.06349	-28.1175117492676	 
2393650793.65079	-1.42738592624664	 		2393650793.65079	-28.7742977142334	 		2393650793.65079	-1.42738592624664	 		2393650793.65079	-28.7742977142334	 
2395238095.2381	-1.426065325737	 		2395238095.2381	-29.474479675293	 		2395238095.2381	-1.426065325737	 		2395238095.2381	-29.474479675293	 
2396825396.8254	-1.41793942451477	 		2396825396.8254	-30.1027984619141	 		2396825396.8254	-1.41793942451477	 		2396825396.8254	-30.1027984619141	 
2398412698.4127	-1.41145145893097	 		2398412698.4127	-30.7861480712891	 		2398412698.4127	-1.41145145893097	 		2398412698.4127	-30.7861480712891	 
2400000000	-1.41209661960602	 		2400000000	-31.2817325592041	 		2400000000	-1.41209661960602	 		2400000000	-31.2817325592041	 
2401587301.5873	-1.4017242193222	 		2401587301.5873	-31.9679183959961	 		2401587301.5873	-1.4017242193222	 		2401587301.5873	-31.9679183959961	 
2403174603.1746	-1.39250218868256	 		2403174603.1746	-32.5384368896484	 		2403174603.1746	-1.39250218868256	 		2403174603.1746	-32.5384368896484	 
2404761904.7619	-1.38731861114502	 		2404761904.7619	-33.1349716186523	 		2404761904.7619	-1.38731861114502	 		2404761904.7619	-33.1349716186523	 
2406349206.34921	-1.3761191368103	 		2406349206.34921	-33.8021621704102	 		2406349206.34921	-1.3761191368103	 		2406349206.34921	-33.8021621704102	 
2407936507.93651	-1.35795068740845	 		2407936507.93651	-34.4335517883301	 		2407936507.93651	-1.35795068740845	 		2407936507.93651	-34.4335517883301	 
2409523809.52381	-1.345947265625	 		2409523809.52381	-34.9791412353516	 		2409523809.52381	-1.345947265625	 		2409523809.52381	-34.9791412353516	 
2411111111.11111	-1.33647000789642	 		2411111111.11111	-35.6600341796875	 		2411111111.11111	-1.33647000789642	 		2411111111.11111	-35.6600341796875	 
2412698412.69841	-1.32177019119263	 		2412698412.69841	-36.3558044433594	 		2412698412.69841	-1.32177019119263	 		2412698412.69841	-36.3558044433594	 
2414285714.28571	-1.30809426307678	 		2414285714.28571	-36.961742401123	 		2414285714.28571	-1.30809426307678	 		2414285714.28571	-36.961742401123	 
2415873015.87302	-1.29279553890228	 		2415873015.87302	-37.6763229370117	 		2415873015.87302	-1.29279553890228	 		2415873015.87302	-37.6763229370117	 
2417460317.46032	-1.27671897411346	 		2417460317.46032	-38.3295440673828	 		2417460317.46032	-1.27671897411346	 		2417460317.46032	-38.3295440673828	 
2419047619.04762	-1.26988577842712	 		2419047619.04762	-39.0847015380859	 		2419047619.04762	-1.26988577842712	 		2419047619.04762	-39.0847015380859	 
2420634920.63492	-1.25899505615234	 		2420634920.63492	-39.6913833618164	 		2420634920.63492	-1.25899505615234	 		2420634920.63492	-39.6913833618164	 
2422222222.22222	-1.24644649028778	 		2422222222.22222	-40.3188247680664	 		2422222222.22222	-1.24644649028778	 		2422222222.22222	-40.3188247680664	 
2423809523.80952	-1.23987340927124	 		2423809523.80952	-41.112361907959	 		2423809523.80952	-1.23987340927124	 		2423809523.80952	-41.112361907959	 
2425396825.39683	-1.23069489002228	 		2425396825.39683	-41.8387565612793	 		2425396825.39683	-1.23069489002228	 		2425396825.39683	-41.8387565612793	 
2426984126.98413	-1.2291659116745	 		2426984126.98413	-42.6306266784668	 		2426984126.98413	-1.2291659116745	 		2426984126.98413	-42.6306266784668	 
2428571428.57143	-1.21433198451996	 		2428571428.57143	-43.1485748291016	 		2428571428.57143	-1.21433198451996	 		2428571428.57143	-43.1485748291016	 
2430158730.15873	-1.20779585838318	 		2430158730.15873	-43.9020309448242	 		2430158730.15873	-1.20779585838318	 		2430158730.15873	-43.9020309448242	 
2431746031.74603	-1.20201206207275	 		2431746031.74603	-44.7144050598145	 		2431746031.74603	-1.20201206207275	 		2431746031.74603	-44.7144050598145	 
2433333333.33333	-1.20209395885468	 		2433333333.33333	-45.5008735656738	 		2433333333.33333	-1.20209395885468	 		2433333333.33333	-45.5008735656738	 
2434920634.92063	-1.19987154006958	 		2434920634.92063	-46.3017578125	 		2434920634.92063	-1.19987154006958	 		2434920634.92063	-46.3017578125	 
2436507936.50794	-1.19671022891998	 		2436507936.50794	-47.1648902893066	 		2436507936.50794	-1.19671022891998	 		2436507936.50794	-47.1648902893066	 
2438095238.09524	-1.19837379455566	 		2438095238.09524	-47.9290771484375	 		2438095238.09524	-1.19837379455566	 		2438095238.09524	-47.9290771484375	 
2439682539.68254	-1.2009094953537	 		2439682539.68254	-48.6619758605957	 		2439682539.68254	-1.2009094953537	 		2439682539.68254	-48.6619758605957	 
2441269841.26984	-1.20856440067291	 		2441269841.26984	-49.4908828735352	 		2441269841.26984	-1.20856440067291	 		2441269841.26984	-49.4908828735352	 
2442857142.85714	-1.21186542510986	 		2442857142.85714	-50.2972221374512	 		2442857142.85714	-1.21186542510986	 		2442857142.85714	-50.2972221374512	 
2444444444.44444	-1.22457981109619	 		2444444444.44444	-51.2054100036621	 		2444444444.44444	-1.22457981109619	 		2444444444.44444	-51.2054100036621	 
2446031746.03175	-1.24147987365723	 		2446031746.03175	-52.0812034606934	 		2446031746.03175	-1.24147987365723	 		2446031746.03175	-52.0812034606934	 
2447619047.61905	-1.23879718780518	 		2447619047.61905	-53.0162315368652	 		2447619047.61905	-1.23879718780518	 		2447619047.61905	-53.0162315368652	 
2449206349.20635	-1.25012981891632	 		2449206349.20635	-53.7785415649414	 		2449206349.20635	-1.25012981891632	 		2449206349.20635	-53.7785415649414	 
2450793650.79365	-1.26557350158691	 		2450793650.79365	-54.6157722473145	 		2450793650.79365	-1.26557350158691	 		2450793650.79365	-54.6157722473145	 
2452380952.38095	-1.27796578407288	 		2452380952.38095	-55.4949798583984	 		2452380952.38095	-1.27796578407288	 		2452380952.38095	-55.4949798583984	 
2453968253.96825	-1.29290008544922	 		2453968253.96825	-56.2690010070801	 		2453968253.96825	-1.29290008544922	 		2453968253.96825	-56.2690010070801	 
2455555555.55556	-1.30498492717743	 		2455555555.55556	-57.1983108520508	 		2455555555.55556	-1.30498492717743	 		2455555555.55556	-57.1983108520508	 
2457142857.14286	-1.32460367679596	 		2457142857.14286	-58.0388031005859	 		2457142857.14286	-1.32460367679596	 		2457142857.14286	-58.0388031005859	 
2458730158.73016	-1.34146976470947	 		2458730158.73016	-58.8548393249512	 		2458730158.73016	-1.34146976470947	 		2458730158.73016	-58.8548393249512	 
2460317460.31746	-1.35190606117249	 		2460317460.31746	-59.7423400878906	 		2460317460.31746	-1.35190606117249	 		2460317460.31746	-59.7423400878906	 
2461904761.90476	-1.36872947216034	 		2461904761.90476	-60.5694007873535	 		2461904761.90476	-1.36872947216034	 		2461904761.90476	-60.5694007873535	 
2463492063.49206	-1.38614678382874	 		2463492063.49206	-61.348316192627	 		2463492063.49206	-1.38614678382874	 		2463492063.49206	-61.348316192627	 
2465079365.07937	-1.39888322353363	 		2465079365.07937	-62.0852890014648	 		2465079365.07937	-1.39888322353363	 		2465079365.07937	-62.0852890014648	 
2466666666.66667	-1.41237270832062	 		2466666666.66667	-62.960262298584	 		2466666666.66667	-1.41237270832062	 		2466666666.66667	-62.960262298584	 
2468253968.25397	-1.41827702522278	 		2468253968.25397	-63.7357177734375	 		2468253968.25397	-1.41827702522278	 		2468253968.25397	-63.7357177734375	 
2469841269.84127	-1.42748522758484	 		2469841269.84127	-64.5523452758789	 		2469841269.84127	-1.42748522758484	 		2469841269.84127	-64.5523452758789	 
2471428571.42857	-1.4371976852417	 		2471428571.42857	-65.3324737548828	 		2471428571.42857	-1.4371976852417	 		2471428571.42857	-65.3324737548828	 
2473015873.01587	-1.44525361061096	 		2473015873.01587	-66.1161727905273	 		2473015873.01587	-1.44525361061096	 		2473015873.01587	-66.1161727905273	 
2474603174.60317	-1.45590043067932	 		2474603174.60317	-66.8439102172852	 		2474603174.60317	-1.45590043067932	 		2474603174.60317	-66.8439102172852	 
2476190476.19048	-1.46978092193604	 		2476190476.19048	-67.6250610351563	 		2476190476.19048	-1.46978092193604	 		2476190476.19048	-67.6250610351563	 
2477777777.77778	-1.46526527404785	 		2477777777.77778	-68.2045288085938	 		2477777777.77778	-1.46526527404785	 		2477777777.77778	-68.2045288085938	 
2479365079.36508	-1.45803332328796	 		2479365079.36508	-68.8861541748047	 		2479365079.36508	-1.45803332328796	 		2479365079.36508	-68.8861541748047	 
2480952380.95238	-1.45469272136688	 		2480952380.95238	-69.7221603393555	 		2480952380.95238	-1.45469272136688	 		2480952380.95238	-69.7221603393555	 
2482539682.53968	-1.45826983451843	 		2482539682.53968	-70.3852310180664	 		2482539682.53968	-1.45826983451843	 		2482539682.53968	-70.3852310180664	 
2484126984.12698	-1.45269095897675	 		2484126984.12698	-71.0389556884766	 		2484126984.12698	-1.45269095897675	 		2484126984.12698	-71.0389556884766	 
2485714285.71429	-1.44633901119232	 		2485714285.71429	-71.7020568847656	 		2485714285.71429	-1.44633901119232	 		2485714285.71429	-71.7020568847656	 
2487301587.30159	-1.43611192703247	 		2487301587.30159	-72.3718948364258	 		2487301587.30159	-1.43611192703247	 		2487301587.30159	-72.3718948364258	 
2488888888.88889	-1.42594492435455	 		2488888888.88889	-73.0261383056641	 		2488888888.88889	-1.42594492435455	 		2488888888.88889	-73.0261383056641	 
2490476190.47619	-1.41838431358337	 		2490476190.47619	-73.7378540039063	 		2490476190.47619	-1.41838431358337	 		2490476190.47619	-73.7378540039063	 
2492063492.06349	-1.40613102912903	 		2492063492.06349	-74.4595718383789	 		2492063492.06349	-1.40613102912903	 		2492063492.06349	-74.4595718383789	 
2493650793.65079	-1.39359486103058	 		2493650793.65079	-75.0702896118164	 		2493650793.65079	-1.39359486103058	 		2493650793.65079	-75.0702896118164	 
2495238095.2381	-1.3840024471283	 		2495238095.2381	-75.7619934082031	 		2495238095.2381	-1.3840024471283	 		2495238095.2381	-75.7619934082031	 
2496825396.8254	-1.37086570262909	 		2496825396.8254	-76.4710693359375	 		2496825396.8254	-1.37086570262909	 		2496825396.8254	-76.4710693359375	 
2498412698.4127	-1.35595238208771	 		2498412698.4127	-77.2169570922852	 		2498412698.4127	-1.35595238208771	 		2498412698.4127	-77.2169570922852	 
2500000000	-1.34079015254974	 		2500000000	-77.8273773193359	 		2500000000	-1.34079015254974	 		2500000000	-77.8273773193359	 
2501587301.5873	-1.32555389404297	 		2501587301.5873	-78.4148254394531	 		2501587301.5873	-1.32555389404297	 		2501587301.5873	-78.4148254394531	 
2503174603.1746	-1.31311297416687	 		2503174603.1746	-79.1891326904297	 		2503174603.1746	-1.31311297416687	 		2503174603.1746	-79.1891326904297	 
2504761904.7619	-1.30347084999084	 		2504761904.7619	-79.8749618530273	 		2504761904.7619	-1.30347084999084	 		2504761904.7619	-79.8749618530273	 
2506349206.34921	-1.28942060470581	 		2506349206.34921	-80.5419158935547	 		2506349206.34921	-1.28942060470581	 		2506349206.34921	-80.5419158935547	 
2507936507.93651	-1.27419745922089	 		2507936507.93651	-81.3779449462891	 		2507936507.93651	-1.27419745922089	 		2507936507.93651	-81.3779449462891	 
2509523809.52381	-1.2637619972229	 		2509523809.52381	-82.1578216552734	 		2509523809.52381	-1.2637619972229	 		2509523809.52381	-82.1578216552734	 
2511111111.11111	-1.25429725646973	 		2511111111.11111	-82.8651123046875	 		2511111111.11111	-1.25429725646973	 		2511111111.11111	-82.8651123046875	 
2512698412.69841	-1.25012838840485	 		2512698412.69841	-83.6760940551758	 		2512698412.69841	-1.25012838840485	 		2512698412.69841	-83.6760940551758	 
2514285714.28571	-1.23897588253021	 		2514285714.28571	-84.4417343139648	 		2514285714.28571	-1.23897588253021	 		2514285714.28571	-84.4417343139648	 
2515873015.87302	-1.23417294025421	 		2515873015.87302	-85.3086624145508	 		2515873015.87302	-1.23417294025421	 		2515873015.87302	-85.3086624145508	 
2517460317.46032	-1.22283387184143	 		2517460317.46032	-86.1283493041992	 		2517460317.46032	-1.22283387184143	 		2517460317.46032	-86.1283493041992	 
2519047619.04762	-1.2267872095108	 		2519047619.04762	-86.9851760864258	 		2519047619.04762	-1.2267872095108	 		2519047619.04762	-86.9851760864258	 
2520634920.63492	-1.23133170604706	 		2520634920.63492	-87.7846450805664	 		2520634920.63492	-1.23133170604706	 		2520634920.63492	-87.7846450805664	 
2522222222.22222	-1.23209631443024	 		2522222222.22222	-88.6181945800781	 		2522222222.22222	-1.23209631443024	 		2522222222.22222	-88.6181945800781	 
2523809523.80952	-1.23887193202972	 		2523809523.80952	-89.5182342529297	 		2523809523.80952	-1.23887193202972	 		2523809523.80952	-89.5182342529297	 
2525396825.39683	-1.24869525432587	 		2525396825.39683	-90.4310302734375	 		2525396825.39683	-1.24869525432587	 		2525396825.39683	-90.4310302734375	 
2526984126.98413	-1.25226402282715	 		2526984126.98413	-91.2095184326172	 		2526984126.98413	-1.25226402282715	 		2526984126.98413	-91.2095184326172	 
2528571428.57143	-1.2586944103241	 		2528571428.57143	-92.0129699707031	 		2528571428.57143	-1.2586944103241	 		2528571428.57143	-92.0129699707031	 
2530158730.15873	-1.27273666858673	 		2530158730.15873	-92.9309234619141	 		2530158730.15873	-1.27273666858673	 		2530158730.15873	-92.9309234619141	 
2531746031.74603	-1.28822827339172	 		2531746031.74603	-93.8615188598633	 		2531746031.74603	-1.28822827339172	 		2531746031.74603	-93.8615188598633	 
2533333333.33333	-1.30251908302307	 		2533333333.33333	-94.7074432373047	 		2533333333.33333	-1.30251908302307	 		2533333333.33333	-94.7074432373047	 
2534920634.92063	-1.31313145160675	 		2534920634.92063	-95.6095123291016	 		2534920634.92063	-1.31313145160675	 		2534920634.92063	-95.6095123291016	 
2536507936.50794	-1.33159983158112	 		2536507936.50794	-96.5025100708008	 		2536507936.50794	-1.33159983158112	 		2536507936.50794	-96.5025100708008	 
2538095238.09524	-1.35859572887421	 		2538095238.09524	-97.3762283325195	 		2538095238.09524	-1.35859572887421	 		2538095238.09524	-97.3762283325195	 
2539682539.68254	-1.37862491607666	 		2539682539.68254	-98.2710342407227	 		2539682539.68254	-1.37862491607666	 		2539682539.68254	-98.2710342407227	 
2541269841.26984	-1.40262877941132	 		2541269841.26984	-99.1912689208984	 		2541269841.26984	-1.40262877941132	 		2541269841.26984	-99.1912689208984	 
2542857142.85714	-1.42570793628693	 		2542857142.85714	-100.109931945801	 		2542857142.85714	-1.42570793628693	 		2542857142.85714	-100.109931945801	 
2544444444.44444	-1.44509553909302	 		2544444444.44444	-100.966896057129	 		2544444444.44444	-1.44509553909302	 		2544444444.44444	-100.966896057129	 
2546031746.03175	-1.47116351127625	 		2546031746.03175	-101.835273742676	 		2546031746.03175	-1.47116351127625	 		2546031746.03175	-101.835273742676	 
2547619047.61905	-1.4954833984375	 		2547619047.61905	-102.715103149414	 		2547619047.61905	-1.4954833984375	 		2547619047.61905	-102.715103149414	 
2549206349.20635	-1.52551412582397	 		2549206349.20635	-103.627906799316	 		2549206349.20635	-1.52551412582397	 		2549206349.20635	-103.627906799316	 
2550793650.79365	-1.55078589916229	 		2550793650.79365	-104.515716552734	 		2550793650.79365	-1.55078589916229	 		2550793650.79365	-104.515716552734	 
2552380952.38095	-1.57068598270416	 		2552380952.38095	-105.414848327637	 		2552380952.38095	-1.57068598270416	 		2552380952.38095	-105.414848327637	 
2553968253.96825	-1.58218693733215	 		2553968253.96825	-106.251594543457	 		2553968253.96825	-1.58218693733215	 		2553968253.96825	-106.251594543457	 
2555555555.55556	-1.61079370975494	 		2555555555.55556	-107.216842651367	 		2555555555.55556	-1.61079370975494	 		2555555555.55556	-107.216842651367	 
2557142857.14286	-1.62814891338348	 		2557142857.14286	-108.095474243164	 		2557142857.14286	-1.62814891338348	 		2557142857.14286	-108.095474243164	 
2558730158.73016	-1.62163078784943	 		2558730158.73016	-108.749816894531	 		2558730158.73016	-1.62163078784943	 		2558730158.73016	-108.749816894531	 
2560317460.31746	-1.6285388469696	 		2560317460.31746	-109.528091430664	 		2560317460.31746	-1.6285388469696	 		2560317460.31746	-109.528091430664	 
2561904761.90476	-1.63455164432526	 		2561904761.90476	-110.339904785156	 		2561904761.90476	-1.63455164432526	 		2561904761.90476	-110.339904785156	 
2563492063.49206	-1.64206099510193	 		2563492063.49206	-111.144897460938	 		2563492063.49206	-1.64206099510193	 		2563492063.49206	-111.144897460938	 
2565079365.07937	-1.65132999420166	 		2565079365.07937	-111.953414916992	 		2565079365.07937	-1.65132999420166	 		2565079365.07937	-111.953414916992	 
2566666666.66667	-1.65274822711945	 		2566666666.66667	-112.737403869629	 		2566666666.66667	-1.65274822711945	 		2566666666.66667	-112.737403869629	 
2568253968.25397	-1.64548790454865	 		2568253968.25397	-113.468826293945	 		2568253968.25397	-1.64548790454865	 		2568253968.25397	-113.468826293945	 
2569841269.84127	-1.64127457141876	 		2569841269.84127	-114.193069458008	 		2569841269.84127	-1.64127457141876	 		2569841269.84127	-114.193069458008	 
2571428571.42857	-1.63604187965393	 		2571428571.42857	-114.958457946777	 		2571428571.42857	-1.63604187965393	 		2571428571.42857	-114.958457946777	 
2573015873.01587	-1.62543702125549	 		2573015873.01587	-115.706535339355	 		2573015873.01587	-1.62543702125549	 		2573015873.01587	-115.706535339355	 
2574603174.60317	-1.6137261390686	 		2574603174.60317	-116.427177429199	 		2574603174.60317	-1.6137261390686	 		2574603174.60317	-116.427177429199	 
2576190476.19048	-1.60137045383453	 		2576190476.19048	-117.131011962891	 		2576190476.19048	-1.60137045383453	 		2576190476.19048	-117.131011962891	 
2577777777.77778	-1.58499228954315	 		2577777777.77778	-117.885597229004	 		2577777777.77778	-1.58499228954315	 		2577777777.77778	-117.885597229004	 
2579365079.36508	-1.56776320934296	 		2579365079.36508	-118.609001159668	 		2579365079.36508	-1.56776320934296	 		2579365079.36508	-118.609001159668	 
2580952380.95238	-1.55356395244598	 		2580952380.95238	-119.401382446289	 		2580952380.95238	-1.55356395244598	 		2580952380.95238	-119.401382446289	 
2582539682.53968	-1.54448342323303	 		2582539682.53968	-120.192909240723	 		2582539682.53968	-1.54448342323303	 		2582539682.53968	-120.192909240723	 
2584126984.12698	-1.52634048461914	 		2584126984.12698	-120.817268371582	 		2584126984.12698	-1.52634048461914	 		2584126984.12698	-120.817268371582	 
2585714285.71429	-1.50629448890686	 		2585714285.71429	-121.59748840332	 		2585714285.71429	-1.50629448890686	 		2585714285.71429	-121.59748840332	 
2587301587.30159	-1.49129939079285	 		2587301587.30159	-122.474662780762	 		2587301587.30159	-1.49129939079285	 		2587301587.30159	-122.474662780762	 
2588888888.88889	-1.46574020385742	 		2588888888.88889	-123.177597045898	 		2588888888.88889	-1.46574020385742	 		2588888888.88889	-123.177597045898	 
2590476190.47619	-1.44980788230896	 		2590476190.47619	-123.927185058594	 		2590476190.47619	-1.44980788230896	 		2590476190.47619	-123.927185058594	 
2592063492.06349	-1.43879234790802	 		2592063492.06349	-124.760620117188	 		2592063492.06349	-1.43879234790802	 		2592063492.06349	-124.760620117188	 
2593650793.65079	-1.42379128932953	 		2593650793.65079	-125.651901245117	 		2593650793.65079	-1.42379128932953	 		2593650793.65079	-125.651901245117	 
2595238095.2381	-1.41329300403595	 		2595238095.2381	-126.452301025391	 		2595238095.2381	-1.41329300403595	 		2595238095.2381	-126.452301025391	 
2596825396.8254	-1.40122199058533	 		2596825396.8254	-127.286308288574	 		2596825396.8254	-1.40122199058533	 		2596825396.8254	-127.286308288574	 
2598412698.4127	-1.3906341791153	 		2598412698.4127	-128.170288085938	 		2598412698.4127	-1.3906341791153	 		2598412698.4127	-128.170288085938	 
2600000000	-1.38436484336853	 		2600000000	-129.053833007813	 		2600000000	-1.38436484336853	 		2600000000	-129.053833007813	 
2601587301.5873	-1.38409042358398	 		2601587301.5873	-129.917190551758	 		2601587301.5873	-1.38409042358398	 		2601587301.5873	-129.917190551758	 
2603174603.1746	-1.37903738021851	 		2603174603.1746	-130.749008178711	 		2603174603.1746	-1.37903738021851	 		2603174603.1746	-130.749008178711	 
2604761904.7619	-1.3764488697052	 		2604761904.7619	-131.656997680664	 		2604761904.7619	-1.3764488697052	 		2604761904.7619	-131.656997680664	 
2606349206.34921	-1.38480734825134	 		2606349206.34921	-132.619583129883	 		2606349206.34921	-1.38480734825134	 		2606349206.34921	-132.619583129883	 
2607936507.93651	-1.3935763835907	 		2607936507.93651	-133.561996459961	 		2607936507.93651	-1.3935763835907	 		2607936507.93651	-133.561996459961	 
2609523809.52381	-1.40396797657013	 		2609523809.52381	-134.480850219727	 		2609523809.52381	-1.40396797657013	 		2609523809.52381	-134.480850219727	 
2611111111.11111	-1.4109343290329	 		2611111111.11111	-135.429748535156	 		2611111111.11111	-1.4109343290329	 		2611111111.11111	-135.429748535156	 
2612698412.69841	-1.41562843322754	 		2612698412.69841	-136.274398803711	 		2612698412.69841	-1.41562843322754	 		2612698412.69841	-136.274398803711	 
2614285714.28571	-1.43609189987183	 		2614285714.28571	-137.205535888672	 		2614285714.28571	-1.43609189987183	 		2614285714.28571	-137.205535888672	 
2615873015.87302	-1.46277391910553	 		2615873015.87302	-138.16862487793	 		2615873015.87302	-1.46277391910553	 		2615873015.87302	-138.16862487793	 
2617460317.46032	-1.4860121011734	 		2617460317.46032	-139.130935668945	 		2617460317.46032	-1.4860121011734	 		2617460317.46032	-139.130935668945	 
2619047619.04762	-1.51302301883698	 		2619047619.04762	-140.119232177734	 		2619047619.04762	-1.51302301883698	 		2619047619.04762	-140.119232177734	 
2620634920.63492	-1.53806841373444	 		2620634920.63492	-141.04118347168	 		2620634920.63492	-1.53806841373444	 		2620634920.63492	-141.04118347168	 
2622222222.22222	-1.57470738887787	 		2622222222.22222	-141.931640625	 		2622222222.22222	-1.57470738887787	 		2622222222.22222	-141.931640625	 
2623809523.80952	-1.61781620979309	 		2623809523.80952	-142.810501098633	 		2623809523.80952	-1.61781620979309	 		2623809523.80952	-142.810501098633	 
2625396825.39683	-1.64447402954102	 		2625396825.39683	-143.819137573242	 		2625396825.39683	-1.64447402954102	 		2625396825.39683	-143.819137573242	 
2626984126.98413	-1.66709959506989	 		2626984126.98413	-144.822189331055	 		2626984126.98413	-1.66709959506989	 		2626984126.98413	-144.822189331055	 
2628571428.57143	-1.69945871829987	 		2628571428.57143	-145.725845336914	 		2628571428.57143	-1.69945871829987	 		2628571428.57143	-145.725845336914	 
2630158730.15873	-1.73774755001068	 		2630158730.15873	-146.674789428711	 		2630158730.15873	-1.73774755001068	 		2630158730.15873	-146.674789428711	 
2631746031.74603	-1.77034366130829	 		2631746031.74603	-147.641082763672	 		2631746031.74603	-1.77034366130829	 		2631746031.74603	-147.641082763672	 
2633333333.33333	-1.7968635559082	 		2633333333.33333	-148.516998291016	 		2633333333.33333	-1.7968635559082	 		2633333333.33333	-148.516998291016	 
2634920634.92063	-1.82577776908875	 		2634920634.92063	-149.486831665039	 		2634920634.92063	-1.82577776908875	 		2634920634.92063	-149.486831665039	 
2636507936.50794	-1.85137152671814	 		2636507936.50794	-150.426651000977	 		2636507936.50794	-1.85137152671814	 		2636507936.50794	-150.426651000977	 
2638095238.09524	-1.87260961532593	 		2638095238.09524	-151.314437866211	 		2638095238.09524	-1.87260961532593	 		2638095238.09524	-151.314437866211	 
2639682539.68254	-1.9017049074173	 		2639682539.68254	-152.273498535156	 		2639682539.68254	-1.9017049074173	 		2639682539.68254	-152.273498535156	 
2641269841.26984	-1.92664396762848	 		2641269841.26984	-153.189682006836	 		2641269841.26984	-1.92664396762848	 		2641269841.26984	-153.189682006836	 
2642857142.85714	-1.94524443149567	 		2642857142.85714	-154.020477294922	 		2642857142.85714	-1.94524443149567	 		2642857142.85714	-154.020477294922	 
2644444444.44444	-1.96156740188599	 		2644444444.44444	-154.910873413086	 		2644444444.44444	-1.96156740188599	 		2644444444.44444	-154.910873413086	 
2646031746.03175	-1.9704726934433	 		2646031746.03175	-155.778656005859	 		2646031746.03175	-1.9704726934433	 		2646031746.03175	-155.778656005859	 
2647619047.61905	-1.97680187225342	 		2647619047.61905	-156.628341674805	 		2647619047.61905	-1.97680187225342	 		2647619047.61905	-156.628341674805	 
2649206349.20635	-1.98504948616028	 		2649206349.20635	-157.495498657227	 		2649206349.20635	-1.98504948616028	 		2649206349.20635	-157.495498657227	 
2650793650.79365	-1.99363029003143	 		2650793650.79365	-158.389999389648	 		2650793650.79365	-1.99363029003143	 		2650793650.79365	-158.389999389648	 
2652380952.38095	-1.99698424339294	 		2652380952.38095	-159.276809692383	 		2652380952.38095	-1.99698424339294	 		2652380952.38095	-159.276809692383	 
2653968253.96825	-1.98865067958832	 		2653968253.96825	-160.205383300781	 		2653968253.96825	-1.98865067958832	 		2653968253.96825	-160.205383300781	 
2655555555.55556	-1.97725546360016	 		2655555555.55556	-161.070861816406	 		2655555555.55556	-1.97725546360016	 		2655555555.55556	-161.070861816406	 
2657142857.14286	-1.96748495101929	 		2657142857.14286	-161.902038574219	 		2657142857.14286	-1.96748495101929	 		2657142857.14286	-161.902038574219	 
2658730158.73016	-1.95955085754395	 		2658730158.73016	-162.779434204102	 		2658730158.73016	-1.95955085754395	 		2658730158.73016	-162.779434204102	 
2660317460.31746	-1.95022976398468	 		2660317460.31746	-163.584381103516	 		2660317460.31746	-1.95022976398468	 		2660317460.31746	-163.584381103516	 
2661904761.90476	-1.93205177783966	 		2661904761.90476	-164.450897216797	 		2661904761.90476	-1.93205177783966	 		2661904761.90476	-164.450897216797	 
2663492063.49206	-1.91649210453033	 		2663492063.49206	-165.408340454102	 		2663492063.49206	-1.91649210453033	 		2663492063.49206	-165.408340454102	 
2665079365.07937	-1.90068876743317	 		2665079365.07937	-166.330337524414	 		2665079365.07937	-1.90068876743317	 		2665079365.07937	-166.330337524414	 
2666666666.66667	-1.87830364704132	 		2666666666.66667	-167.178237915039	 		2666666666.66667	-1.87830364704132	 		2666666666.66667	-167.178237915039	 
2668253968.25397	-1.8584315776825	 		2668253968.25397	-167.939193725586	 		2668253968.25397	-1.8584315776825	 		2668253968.25397	-167.939193725586	 
2669841269.84127	-1.84482204914093	 		2669841269.84127	-168.806457519531	 		2669841269.84127	-1.84482204914093	 		2669841269.84127	-168.806457519531	 
2671428571.42857	-1.83326244354248	 		2671428571.42857	-170.019775390625	 		2671428571.42857	-1.83326244354248	 		2671428571.42857	-170.019775390625	 
2673015873.01587	-1.81135511398315	 		2673015873.01587	-170.899887084961	 		2673015873.01587	-1.81135511398315	 		2673015873.01587	-170.899887084961	 
2674603174.60317	-1.79173982143402	 		2674603174.60317	-171.666275024414	 		2674603174.60317	-1.79173982143402	 		2674603174.60317	-171.666275024414	 
2676190476.19048	-1.77358746528625	 		2676190476.19048	-172.574615478516	 		2676190476.19048	-1.77358746528625	 		2676190476.19048	-172.574615478516	 
2677777777.77778	-1.75655543804169	 		2677777777.77778	-173.548065185547	 		2677777777.77778	-1.75655543804169	 		2677777777.77778	-173.548065185547	 
2679365079.36508	-1.74596381187439	 		2679365079.36508	-174.511703491211	 		2679365079.36508	-1.74596381187439	 		2679365079.36508	-174.511703491211	 
2680952380.95238	-1.73892712593079	 		2680952380.95238	-175.540786743164	 		2680952380.95238	-1.73892712593079	 		2680952380.95238	-175.540786743164	 
2682539682.53968	-1.72909271717072	 		2682539682.53968	-176.499618530273	 		2682539682.53968	-1.72909271717072	 		2682539682.53968	-176.499618530273	 
2684126984.12698	-1.72137725353241	 		2684126984.12698	-177.515289306641	 		2684126984.12698	-1.72137725353241	 		2684126984.12698	-177.515289306641	 
2685714285.71429	-1.71655082702637	 		2685714285.71429	-178.619857788086	 		2685714285.71429	-1.71655082702637	 		2685714285.71429	-178.619857788086	 
2687301587.30159	-1.71578752994537	 		2687301587.30159	-179.587142944336	 		2687301587.30159	-1.71578752994537	 		2687301587.30159	-179.587142944336	 
2688888888.88889	-1.71586680412292	 		2688888888.88889	-180.572967529297	 		2688888888.88889	-1.71586680412292	 		2688888888.88889	-180.572982788086	 
2690476190.47619	-1.72384917736053	 		2690476190.47619	-181.614501953125	 		2690476190.47619	-1.72384917736053	 		2690476190.47619	-181.614517211914	 
2692063492.06349	-1.73430991172791	 		2692063492.06349	-182.601821899414	 		2692063492.06349	-1.73430991172791	 		2692063492.06349	-182.601837158203	 
2693650793.65079	-1.74478983879089	 		2693650793.65079	-183.627197265625	 		2693650793.65079	-1.74478983879089	 		2693650793.65079	-183.627212524414	 
2695238095.2381	-1.75932598114014	 		2695238095.2381	-184.653594970703	 		2695238095.2381	-1.75932598114014	 		2695238095.2381	-184.653610229492	 
2696825396.8254	-1.77996325492859	 		2696825396.8254	-185.669540405273	 		2696825396.8254	-1.77996325492859	 		2696825396.8254	-185.669555664063	 
2698412698.4127	-1.80806112289429	 		2698412698.4127	-186.793350219727	 		2698412698.4127	-1.80806112289429	 		2698412698.4127	-186.793365478516	 
2700000000	-1.83497583866119	 		2700000000	-187.811782836914	 		2700000000	-1.83497583866119	 		2700000000	-187.811798095703	 
2701587301.5873	-1.86327087879181	 		2701587301.5873	-188.807098388672	 		2701587301.5873	-1.86327087879181	 		2701587301.5873	-188.807113647461	 
2703174603.1746	-1.89159953594208	 		2703174603.1746	-189.796661376953	 		2703174603.1746	-1.89159953594208	 		2703174603.1746	-189.796676635742	 
2704761904.7619	-1.9166225194931	 		2704761904.7619	-190.775817871094	 		2704761904.7619	-1.9166225194931	 		2704761904.7619	-190.775833129883	 
2706349206.34921	-1.95174920558929	 		2706349206.34921	-191.835800170898	 		2706349206.34921	-1.95174920558929	 		2706349206.34921	-191.835815429688	 
2707936507.93651	-1.99458432197571	 		2707936507.93651	-192.845962524414	 		2707936507.93651	-1.99458432197571	 		2707936507.93651	-192.845977783203	 
2709523809.52381	-2.03164958953857	 		2709523809.52381	-193.949264526367	 		2709523809.52381	-2.03164958953857	 		2709523809.52381	-193.949279785156	 
2711111111.11111	-2.06678223609924	 		2711111111.11111	-194.995666503906	 		2711111111.11111	-2.06678223609924	 		2711111111.11111	-194.995681762695	 
2712698412.69841	-2.10713601112366	 		2712698412.69841	-195.869049072266	 		2712698412.69841	-2.10713601112366	 		2712698412.69841	-195.869064331055	 
2714285714.28571	-2.14291262626648	 		2714285714.28571	-196.874710083008	 		2714285714.28571	-2.14291262626648	 		2714285714.28571	-196.874725341797	 
2715873015.87302	-2.17613077163696	 		2715873015.87302	-197.812881469727	 		2715873015.87302	-2.17613077163696	 		2715873015.87302	-197.812896728516	 
2717460317.46032	-2.20827317237854	 		2717460317.46032	-198.860397338867	 		2717460317.46032	-2.20827317237854	 		2717460317.46032	-198.860412597656	 
2719047619.04762	-2.24541711807251	 		2719047619.04762	-199.84455871582	 		2719047619.04762	-2.24541711807251	 		2719047619.04762	-199.844573974609	 
2720634920.63492	-2.27805089950562	 		2720634920.63492	-200.777008056641	 		2720634920.63492	-2.27805089950562	 		2720634920.63492	-200.77702331543	 
2722222222.22222	-2.30173754692078	 		2722222222.22222	-201.79167175293	 		2722222222.22222	-2.30173754692078	 		2722222222.22222	-201.791687011719	 
2723809523.80952	-2.33059072494507	 		2723809523.80952	-202.797500610352	 		2723809523.80952	-2.33059072494507	 		2723809523.80952	-202.797515869141	 
2725396825.39683	-2.35775780677795	 		2725396825.39683	-203.787078857422	 		2725396825.39683	-2.35775780677795	 		2725396825.39683	-203.787094116211	 
2726984126.98413	-2.37736010551453	 		2726984126.98413	-204.749267578125	 		2726984126.98413	-2.37736010551453	 		2726984126.98413	-204.749282836914	 
2728571428.57143	-2.39572167396545	 		2728571428.57143	-205.660186767578	 		2728571428.57143	-2.39572167396545	 		2728571428.57143	-205.660202026367	 
2730158730.15873	-2.41438245773315	 		2730158730.15873	-206.649978637695	 		2730158730.15873	-2.41438245773315	 		2730158730.15873	-206.649993896484	 
2731746031.74603	-2.42186141014099	 		2731746031.74603	-207.582611083984	 		2731746031.74603	-2.42186141014099	 		2731746031.74603	-207.582626342773	 
2733333333.33333	-2.43640542030334	 		2733333333.33333	-208.659103393555	 		2733333333.33333	-2.43640542030334	 		2733333333.33333	-208.659118652344	 
2734920634.92063	-2.44324636459351	 		2734920634.92063	-209.599685668945	 		2734920634.92063	-2.44324636459351	 		2734920634.92063	-209.599700927734	 
2736507936.50794	-2.44242525100708	 		2736507936.50794	-210.53044128418	 		2736507936.50794	-2.44242525100708	 		2736507936.50794	-210.530456542969	 
2738095238.09524	-2.43487167358398	 		2738095238.09524	-211.596618652344	 		2738095238.09524	-2.43487167358398	 		2738095238.09524	-211.596633911133	 
2739682539.68254	-2.43446111679077	 		2739682539.68254	-212.509872436523	 		2739682539.68254	-2.43446111679077	 		2739682539.68254	-212.509887695313	 
2741269841.26984	-2.43094348907471	 		2741269841.26984	-213.458480834961	 		2741269841.26984	-2.43094348907471	 		2741269841.26984	-213.45849609375	 
2742857142.85714	-2.42600727081299	 		2742857142.85714	-214.444198608398	 		2742857142.85714	-2.42600727081299	 		2742857142.85714	-214.444213867188	 
2744444444.44444	-2.41219139099121	 		2744444444.44444	-215.452865600586	 		2744444444.44444	-2.41219139099121	 		2744444444.44444	-215.452880859375	 
2746031746.03175	-2.39755129814148	 		2746031746.03175	-216.499038696289	 		2746031746.03175	-2.39755129814148	 		2746031746.03175	-216.499053955078	 
2747619047.61905	-2.38382625579834	 		2747619047.61905	-217.649002075195	 		2747619047.61905	-2.38382625579834	 		2747619047.61905	-217.649017333984	 
2749206349.20635	-2.36686849594116	 		2749206349.20635	-218.56282043457	 		2749206349.20635	-2.36686849594116	 		2749206349.20635	-218.562835693359	 
2750793650.79365	-2.35121822357178	 		2750793650.79365	-219.497528076172	 		2750793650.79365	-2.35121822357178	 		2750793650.79365	-219.497543334961	 
2752380952.38095	-2.33906388282776	 		2752380952.38095	-220.523956298828	 		2752380952.38095	-2.33906388282776	 		2752380952.38095	-220.523971557617	 
2753968253.96825	-2.31620931625366	 		2753968253.96825	-221.608322143555	 		2753968253.96825	-2.31620931625366	 		2753968253.96825	-221.608337402344	 
2755555555.55556	-2.29155731201172	 		2755555555.55556	-222.697967529297	 		2755555555.55556	-2.29155731201172	 		2755555555.55556	-222.697982788086	 
2757142857.14286	-2.28071403503418	 		2757142857.14286	-223.808074951172	 		2757142857.14286	-2.28071403503418	 		2757142857.14286	-223.808090209961	 
2758730158.73016	-2.26976561546326	 		2758730158.73016	-225.029602050781	 		2758730158.73016	-2.26976561546326	 		2758730158.73016	-225.02961730957	 
2760317460.31746	-2.24804759025574	 		2760317460.31746	-226.104736328125	 		2760317460.31746	-2.24804759025574	 		2760317460.31746	-226.104751586914	 
2761904761.90476	-2.22891092300415	 		2761904761.90476	-227.143829345703	 		2761904761.90476	-2.22891092300415	 		2761904761.90476	-227.143844604492	 
2763492063.49206	-2.21448040008545	 		2763492063.49206	-228.27278137207	 		2763492063.49206	-2.21448040008545	 		2763492063.49206	-228.272796630859	 
2765079365.07937	-2.20556235313416	 		2765079365.07937	-229.461212158203	 		2765079365.07937	-2.20556235313416	 		2765079365.07937	-229.461227416992	 
2766666666.66667	-2.19988536834717	 		2766666666.66667	-230.532836914063	 		2766666666.66667	-2.19988536834717	 		2766666666.66667	-230.532852172852	 
2768253968.25397	-2.19078731536865	 		2768253968.25397	-231.719024658203	 		2768253968.25397	-2.19078731536865	 		2768253968.25397	-231.719039916992	 
2769841269.84127	-2.18596315383911	 		2769841269.84127	-232.798690795898	 		2769841269.84127	-2.18596315383911	 		2769841269.84127	-232.798706054688	 
2771428571.42857	-2.18742442131042	 		2771428571.42857	-233.960586547852	 		2771428571.42857	-2.18742442131042	 		2771428571.42857	-233.960601806641	 
2773015873.01587	-2.18678855895996	 		2773015873.01587	-235.19841003418	 		2773015873.01587	-2.18678855895996	 		2773015873.01587	-235.198425292969	 
2774603174.60317	-2.1942880153656	 		2774603174.60317	-236.184387207031	 		2774603174.60317	-2.1942880153656	 		2774603174.60317	-236.18440246582	 
2776190476.19048	-2.20361256599426	 		2776190476.19048	-237.296432495117	 		2776190476.19048	-2.20361256599426	 		2776190476.19048	-237.296447753906	 
2777777777.77778	-2.2217869758606	 		2777777777.77778	-238.540878295898	 		2777777777.77778	-2.2217869758606	 		2777777777.77778	-238.540893554688	 
2779365079.36508	-2.23836350440979	 		2779365079.36508	-239.6328125	 		2779365079.36508	-2.23836350440979	 		2779365079.36508	-239.632827758789	 
2780952380.95238	-2.25434494018555	 		2780952380.95238	-240.653930664063	 		2780952380.95238	-2.25434494018555	 		2780952380.95238	-240.653945922852	 
2782539682.53968	-2.27358913421631	 		2782539682.53968	-241.812637329102	 		2782539682.53968	-2.27358913421631	 		2782539682.53968	-241.812652587891	 
2784126984.12698	-2.30051636695862	 		2784126984.12698	-242.905181884766	 		2784126984.12698	-2.30051636695862	 		2784126984.12698	-242.905197143555	 
2785714285.71429	-2.32853960990906	 		2785714285.71429	-244.040451049805	 		2785714285.71429	-2.32853960990906	 		2785714285.71429	-244.040466308594	 
2787301587.30159	-2.35959815979004	 		2787301587.30159	-245.260009765625	 		2787301587.30159	-2.35959815979004	 		2787301587.30159	-245.260025024414	 
2788888888.88889	-2.38850140571594	 		2788888888.88889	-246.3515625	 		2788888888.88889	-2.38850140571594	 		2788888888.88889	-246.351577758789	 
2790476190.47619	-2.42494440078735	 		2790476190.47619	-247.209213256836	 		2790476190.47619	-2.42494440078735	 		2790476190.47619	-247.209228515625	 
2792063492.06349	-2.45471286773682	 		2792063492.06349	-248.374282836914	 		2792063492.06349	-2.45471286773682	 		2792063492.06349	-248.374298095703	 
2793650793.65079	-2.49123287200928	 		2793650793.65079	-249.494293212891	 		2793650793.65079	-2.49123287200928	 		2793650793.65079	-249.49430847168	 
2795238095.2381	-2.52470660209656	 		2795238095.2381	-250.573638916016	 		2795238095.2381	-2.52470660209656	 		2795238095.2381	-250.573654174805	 
2796825396.8254	-2.55009889602661	 		2796825396.8254	-251.453048706055	 		2796825396.8254	-2.55009889602661	 		2796825396.8254	-251.453063964844	 
2798412698.4127	-2.58449745178223	 		2798412698.4127	-252.534774780273	 		2798412698.4127	-2.58449745178223	 		2798412698.4127	-252.534790039063	 
2800000000	-2.62161111831665	 		2800000000	-253.586380004883	 		2800000000	-2.62161111831665	 		2800000000	-253.586395263672	 
2801587301.5873	-2.65453672409058	 		2801587301.5873	-254.725845336914	 		2801587301.5873	-2.65453672409058	 		2801587301.5873	-254.725860595703	 
2803174603.1746	-2.68339800834656	 		2803174603.1746	-255.887603759766	 		2803174603.1746	-2.68339800834656	 		2803174603.1746	-255.887619018555	 
2804761904.7619	-2.7150571346283	 		2804761904.7619	-256.884704589844	 		2804761904.7619	-2.7150571346283	 		2804761904.7619	-256.884704589844	 
2806349206.34921	-2.74700212478638	 		2806349206.34921	-257.750854492188	 		2806349206.34921	-2.74700212478638	 		2806349206.34921	-257.750854492188	 
2807936507.93651	-2.77596616744995	 		2807936507.93651	-258.829223632813	 		2807936507.93651	-2.77596616744995	 		2807936507.93651	-258.829223632813	 
2809523809.52381	-2.79466819763184	 		2809523809.52381	-259.413818359375	 		2809523809.52381	-2.79466819763184	 		2809523809.52381	-259.413818359375	 
2811111111.11111	-2.81032276153564	 		2811111111.11111	-260.748657226563	 		2811111111.11111	-2.81032276153564	 		2811111111.11111	-260.748657226563	 
2812698412.69841	-2.82485914230347	 		2812698412.69841	-261.879119873047	 		2812698412.69841	-2.82485914230347	 		2812698412.69841	-261.879119873047	 
2814285714.28571	-2.85079407691956	 		2814285714.28571	-262.916625976563	 		2814285714.28571	-2.85079407691956	 		2814285714.28571	-262.916625976563	 
2815873015.87302	-2.85715365409851	 		2815873015.87302	-264.249664306641	 		2815873015.87302	-2.85715365409851	 		2815873015.87302	-264.249664306641	 
2817460317.46032	-2.85901069641113	 		2817460317.46032	-265.230895996094	 		2817460317.46032	-2.85901069641113	 		2817460317.46032	-265.230895996094	 
2819047619.04762	-2.8603343963623	 		2819047619.04762	-266.202453613281	 		2819047619.04762	-2.8603343963623	 		2819047619.04762	-266.202453613281	 
2820634920.63492	-2.86465406417847	 		2820634920.63492	-267.105895996094	 		2820634920.63492	-2.86465406417847	 		2820634920.63492	-267.105895996094	 
2822222222.22222	-2.86194682121277	 		2822222222.22222	-268.212310791016	 		2822222222.22222	-2.86194682121277	 		2822222222.22222	-268.212310791016	 
2823809523.80952	-2.84878468513489	 		2823809523.80952	-269.296752929688	 		2823809523.80952	-2.84878468513489	 		2823809523.80952	-269.296752929688	 
2825396825.39683	-2.83427143096924	 		2825396825.39683	-270.406036376953	 		2825396825.39683	-2.83427143096924	 		2825396825.39683	-270.406036376953	 
2826984126.98413	-2.82750749588013	 		2826984126.98413	-271.442718505859	 		2826984126.98413	-2.82750749588013	 		2826984126.98413	-271.442718505859	 
2828571428.57143	-2.81632089614868	 		2828571428.57143	-272.596832275391	 		2828571428.57143	-2.81632089614868	 		2828571428.57143	-272.596832275391	 
2830158730.15873	-2.8055624961853	 		2830158730.15873	-273.861389160156	 		2830158730.15873	-2.8055624961853	 		2830158730.15873	-273.861389160156	 
2831746031.74603	-2.78175830841064	 		2831746031.74603	-274.788543701172	 		2831746031.74603	-2.78175830841064	 		2831746031.74603	-274.788543701172	 
2833333333.33333	-2.76443219184875	 		2833333333.33333	-275.781860351563	 		2833333333.33333	-2.76443219184875	 		2833333333.33333	-275.781860351563	 
2834920634.92063	-2.7344925403595	 		2834920634.92063	-276.907135009766	 		2834920634.92063	-2.7344925403595	 		2834920634.92063	-276.907135009766	 
2836507936.50794	-2.71522641181946	 		2836507936.50794	-278.1748046875	 		2836507936.50794	-2.71522641181946	 		2836507936.50794	-278.1748046875	 
2838095238.09524	-2.68856477737427	 		2838095238.09524	-279.299896240234	 		2838095238.09524	-2.68856477737427	 		2838095238.09524	-279.299896240234	 
2839682539.68254	-2.65782856941223	 		2839682539.68254	-280.267578125	 		2839682539.68254	-2.65782856941223	 		2839682539.68254	-280.267578125	 
2841269841.26984	-2.64835858345032	 		2841269841.26984	-281.479766845703	 		2841269841.26984	-2.64835858345032	 		2841269841.26984	-281.479766845703	 
2842857142.85714	-2.61884880065918	 		2842857142.85714	-282.692901611328	 		2842857142.85714	-2.61884880065918	 		2842857142.85714	-282.692901611328	 
2844444444.44444	-2.59999513626099	 		2844444444.44444	-283.945037841797	 		2844444444.44444	-2.59999513626099	 		2844444444.44444	-283.945037841797	 
2846031746.03175	-2.59370541572571	 		2846031746.03175	-285.092102050781	 		2846031746.03175	-2.59370541572571	 		2846031746.03175	-285.092102050781	 
2847619047.61905	-2.59088277816772	 		2847619047.61905	-286.407104492188	 		2847619047.61905	-2.59088277816772	 		2847619047.61905	-286.407104492188	 
2849206349.20635	-2.56187152862549	 		2849206349.20635	-287.611511230469	 		2849206349.20635	-2.56187152862549	 		2849206349.20635	-287.611511230469	 
2850793650.79365	-2.54888796806335	 		2850793650.79365	-288.835418701172	 		2850793650.79365	-2.54888796806335	 		2850793650.79365	-288.835418701172	 
2852380952.38095	-2.53074240684509	 		2852380952.38095	-289.824401855469	 		2852380952.38095	-2.53074240684509	 		2852380952.38095	-289.824401855469	 
2853968253.96825	-2.52307653427124	 		2853968253.96825	-290.981170654297	 		2853968253.96825	-2.52307653427124	 		2853968253.96825	-290.981170654297	 
2855555555.55556	-2.513108253479	 		2855555555.55556	-292.038238525391	 		2855555555.55556	-2.513108253479	 		2855555555.55556	-292.038238525391	 
2857142857.14286	-2.51834464073181	 		2857142857.14286	-293.290740966797	 		2857142857.14286	-2.51834464073181	 		2857142857.14286	-293.290740966797	 
2858730158.73016	-2.51410818099976	 		2858730158.73016	-294.531555175781	 		2858730158.73016	-2.51410818099976	 		2858730158.73016	-294.531555175781	 
2860317460.31746	-2.52277588844299	 		2860317460.31746	-295.618408203125	 		2860317460.31746	-2.52277588844299	 		2860317460.31746	-295.618408203125	 
2861904761.90476	-2.53109860420227	 		2861904761.90476	-296.922393798828	 		2861904761.90476	-2.53109860420227	 		2861904761.90476	-296.922393798828	 
2863492063.49206	-2.53604936599731	 		2863492063.49206	-297.999603271484	 		2863492063.49206	-2.53604936599731	 		2863492063.49206	-297.999603271484	 
2865079365.07937	-2.53983592987061	 		2865079365.07937	-299.173492431641	 		2865079365.07937	-2.53983592987061	 		2865079365.07937	-299.173492431641	 
2866666666.66667	-2.55735754966736	 		2866666666.66667	-300.310211181641	 		2866666666.66667	-2.55735754966736	 		2866666666.66667	-300.310211181641	 
2868253968.25397	-2.57528042793274	 		2868253968.25397	-301.581848144531	 		2868253968.25397	-2.57528042793274	 		2868253968.25397	-301.581848144531	 
2869841269.84127	-2.59713101387024	 		2869841269.84127	-302.532592773438	 		2869841269.84127	-2.59713101387024	 		2869841269.84127	-302.532592773438	 
2871428571.42857	-2.61520624160767	 		2871428571.42857	-303.550598144531	 		2871428571.42857	-2.61520624160767	 		2871428571.42857	-303.550598144531	 
2873015873.01587	-2.64537501335144	 		2873015873.01587	-304.759338378906	 		2873015873.01587	-2.64537501335144	 		2873015873.01587	-304.759338378906	 
2874603174.60317	-2.66252493858337	 		2874603174.60317	-305.909576416016	 		2874603174.60317	-2.66252493858337	 		2874603174.60317	-305.909576416016	 
2876190476.19048	-2.68569922447205	 		2876190476.19048	-307.008331298828	 		2876190476.19048	-2.68569922447205	 		2876190476.19048	-307.008331298828	 
2877777777.77778	-2.71623516082764	 		2877777777.77778	-308.011535644531	 		2877777777.77778	-2.71623516082764	 		2877777777.77778	-308.011535644531	 
2879365079.36508	-2.73152112960815	 		2879365079.36508	-309.197509765625	 		2879365079.36508	-2.73152112960815	 		2879365079.36508	-309.197509765625	 
2880952380.95238	-2.75704550743103	 		2880952380.95238	-310.180786132813	 		2880952380.95238	-2.75704550743103	 		2880952380.95238	-310.180786132813	 
2882539682.53968	-2.77922415733337	 		2882539682.53968	-311.300476074219	 		2882539682.53968	-2.77922415733337	 		2882539682.53968	-311.300476074219	 
2884126984.12698	-2.80203127861023	 		2884126984.12698	-312.263916015625	 		2884126984.12698	-2.80203127861023	 		2884126984.12698	-312.263916015625	 
2885714285.71429	-2.83216786384583	 		2885714285.71429	-313.269226074219	 		2885714285.71429	-2.83216786384583	 		2885714285.71429	-313.269226074219	 
2887301587.30159	-2.83611989021301	 		2887301587.30159	-314.275421142578	 		2887301587.30159	-2.83611989021301	 		2887301587.30159	-314.275421142578	 
2888888888.88889	-2.87458229064941	 		2888888888.88889	-315.530364990234	 		2888888888.88889	-2.87458229064941	 		2888888888.88889	-315.530364990234	 
2890476190.47619	-2.87611150741577	 		2890476190.47619	-316.665496826172	 		2890476190.47619	-2.87611150741577	 		2890476190.47619	-316.665496826172	 
2892063492.06349	-2.89961409568787	 		2892063492.06349	-317.39453125	 		2892063492.06349	-2.89961409568787	 		2892063492.06349	-317.39453125	 
2893650793.65079	-2.9024076461792	 		2893650793.65079	-318.558044433594	 		2893650793.65079	-2.9024076461792	 		2893650793.65079	-318.558044433594	 
2895238095.2381	-2.91551995277405	 		2895238095.2381	-319.542724609375	 		2895238095.2381	-2.91551995277405	 		2895238095.2381	-319.542724609375	 
2896825396.8254	-2.91578650474548	 		2896825396.8254	-320.606201171875	 		2896825396.8254	-2.91578650474548	 		2896825396.8254	-320.606201171875	 
2898412698.4127	-2.91271066665649	 		2898412698.4127	-321.615600585938	 		2898412698.4127	-2.91271066665649	 		2898412698.4127	-321.615600585938	 
2900000000	-2.92296171188354	 		2900000000	-322.568572998047	 		2900000000	-2.92296171188354	 		2900000000	-322.568572998047	 
2901587301.5873	-2.92160773277283	 		2901587301.5873	-323.546020507813	 		2901587301.5873	-2.92160773277283	 		2901587301.5873	-323.546020507813	 
2903174603.1746	-2.91730213165283	 		2903174603.1746	-324.864288330078	 		2903174603.1746	-2.91730213165283	 		2903174603.1746	-324.864288330078	 
2904761904.7619	-2.90243482589722	 		2904761904.7619	-325.837188720703	 		2904761904.7619	-2.90243482589722	 		2904761904.7619	-325.837188720703	 
2906349206.34921	-2.89648509025574	 		2906349206.34921	-326.864379882813	 		2906349206.34921	-2.89648509025574	 		2906349206.34921	-326.864379882813	 
2907936507.93651	-2.88894820213318	 		2907936507.93651	-327.844482421875	 		2907936507.93651	-2.88894820213318	 		2907936507.93651	-327.844482421875	 
2909523809.52381	-2.86956453323364	 		2909523809.52381	-328.743835449219	 		2909523809.52381	-2.86956453323364	 		2909523809.52381	-328.743835449219	 
2911111111.11111	-2.84509801864624	 		2911111111.11111	-329.756103515625	 		2911111111.11111	-2.84509801864624	 		2911111111.11111	-329.756103515625	 
2912698412.69841	-2.81914854049683	 		2912698412.69841	-331.100524902344	 		2912698412.69841	-2.81914854049683	 		2912698412.69841	-331.100524902344	 
2914285714.28571	-2.79996156692505	 		2914285714.28571	-332.107940673828	 		2914285714.28571	-2.79996156692505	 		2914285714.28571	-332.107940673828	 
2915873015.87302	-2.7737147808075	 		2915873015.87302	-333.367858886719	 		2915873015.87302	-2.7737147808075	 		2915873015.87302	-333.367858886719	 
2917460317.46032	-2.7381477355957	 		2917460317.46032	-334.37744140625	 		2917460317.46032	-2.7381477355957	 		2917460317.46032	-334.37744140625	 
2919047619.04762	-2.70991826057434	 		2919047619.04762	-335.472869873047	 		2919047619.04762	-2.70991826057434	 		2919047619.04762	-335.472869873047	 
2920634920.63492	-2.68184614181519	 		2920634920.63492	-336.649200439453	 		2920634920.63492	-2.68184614181519	 		2920634920.63492	-336.649200439453	 
2922222222.22222	-2.64735794067383	 		2922222222.22222	-337.687805175781	 		2922222222.22222	-2.64735794067383	 		2922222222.22222	-337.687805175781	 
2923809523.80952	-2.62421035766602	 		2923809523.80952	-338.791839599609	 		2923809523.80952	-2.62421035766602	 		2923809523.80952	-338.791839599609	 
2925396825.39683	-2.5945188999176	 		2925396825.39683	-340.096038818359	 		2925396825.39683	-2.5945188999176	 		2925396825.39683	-340.096038818359	 
2926984126.98413	-2.56867122650146	 		2926984126.98413	-341.103698730469	 		2926984126.98413	-2.56867122650146	 		2926984126.98413	-341.103698730469	 
2928571428.57143	-2.54115509986877	 		2928571428.57143	-342.235626220703	 		2928571428.57143	-2.54115509986877	 		2928571428.57143	-342.235626220703	 
2930158730.15873	-2.51044821739197	 		2930158730.15873	-343.417907714844	 		2930158730.15873	-2.51044821739197	 		2930158730.15873	-343.417907714844	 
2931746031.74603	-2.49710512161255	 		2931746031.74603	-344.600616455078	 		2931746031.74603	-2.49710512161255	 		2931746031.74603	-344.600616455078	 
2933333333.33333	-2.46667456626892	 		2933333333.33333	-345.561950683594	 		2933333333.33333	-2.46667456626892	 		2933333333.33333	-345.561950683594	 
2934920634.92063	-2.43906831741333	 		2934920634.92063	-346.744232177734	 		2934920634.92063	-2.43906831741333	 		2934920634.92063	-346.744232177734	 
2936507936.50794	-2.42547106742859	 		2936507936.50794	-347.85009765625	 		2936507936.50794	-2.42547106742859	 		2936507936.50794	-347.85009765625	 
2938095238.09524	-2.40225267410278	 		2938095238.09524	-348.798309326172	 		2938095238.09524	-2.40225267410278	 		2938095238.09524	-348.798309326172	 
2939682539.68254	-2.38614130020142	 		2939682539.68254	-350.093994140625	 		2939682539.68254	-2.38614130020142	 		2939682539.68254	-350.093994140625	 
2941269841.26984	-2.38058972358704	 		2941269841.26984	-351.064697265625	 		2941269841.26984	-2.38058972358704	 		2941269841.26984	-351.064697265625	 
2942857142.85714	-2.36895608901978	 		2942857142.85714	-352.210906982422	 		2942857142.85714	-2.36895608901978	 		2942857142.85714	-352.210906982422	 
2944444444.44444	-2.37182879447937	 		2944444444.44444	-353.234802246094	 		2944444444.44444	-2.37182879447937	 		2944444444.44444	-353.234802246094	 
2946031746.03175	-2.36466479301453	 		2946031746.03175	-354.442169189453	 		2946031746.03175	-2.36466479301453	 		2946031746.03175	-354.442169189453	 
2947619047.61905	-2.37044477462769	 		2947619047.61905	-355.435546875	 		2947619047.61905	-2.37044477462769	 		2947619047.61905	-355.435546875	 
2949206349.20635	-2.36366271972656	 		2949206349.20635	-356.616943359375	 		2949206349.20635	-2.36366271972656	 		2949206349.20635	-356.616943359375	 
2950793650.79365	-2.37372875213623	 		2950793650.79365	-357.495086669922	 		2950793650.79365	-2.37372875213623	 		2950793650.79365	-357.495086669922	 
2952380952.38095	-2.38031959533691	 		2952380952.38095	-358.413421630859	 		2952380952.38095	-2.38031959533691	 		2952380952.38095	-358.413421630859	 
2953968253.96825	-2.38615655899048	 		2953968253.96825	-359.596038818359	 		2953968253.96825	-2.38615655899048	 		2953968253.96825	-359.596038818359	 
2955555555.55556	-2.40102481842041	 		2955555555.55556	-360.572998046875	 		2955555555.55556	-2.40102481842041	 		2955555555.55556	-360.572998046875	 
2957142857.14286	-2.41007542610168	 		2957142857.14286	-361.441558837891	 		2957142857.14286	-2.41007542610168	 		2957142857.14286	-361.441558837891	 
2958730158.73016	-2.41545176506042	 		2958730158.73016	-362.447204589844	 		2958730158.73016	-2.41545176506042	 		2958730158.73016	-362.447204589844	 
2960317460.31746	-2.42396020889282	 		2960317460.31746	-363.407562255859	 		2960317460.31746	-2.42396020889282	 		2960317460.31746	-363.407562255859	 
2961904761.90476	-2.44991755485535	 		2961904761.90476	-364.296325683594	 		2961904761.90476	-2.44991755485535	 		2961904761.90476	-364.296325683594	 
2963492063.49206	-2.46271276473999	 		2963492063.49206	-365.286285400391	 		2963492063.49206	-2.46271276473999	 		2963492063.49206	-365.286285400391	 
2965079365.07937	-2.47300672531128	 		2965079365.07937	-366.176025390625	 		2965079365.07937	-2.47300672531128	 		2965079365.07937	-366.176025390625	 
2966666666.66667	-2.48525977134705	 		2966666666.66667	-367.306213378906	 		2966666666.66667	-2.48525977134705	 		2966666666.66667	-367.306213378906	 
2968253968.25397	-2.4972779750824	 		2968253968.25397	-368.278381347656	 		2968253968.25397	-2.4972779750824	 		2968253968.25397	-368.278381347656	 
2969841269.84127	-2.5143780708313	 		2969841269.84127	-369.151641845703	 		2969841269.84127	-2.5143780708313	 		2969841269.84127	-369.151641845703	 
2971428571.42857	-2.52203989028931	 		2971428571.42857	-370.041107177734	 		2971428571.42857	-2.52203989028931	 		2971428571.42857	-370.041107177734	 
2973015873.01587	-2.53241348266602	 		2973015873.01587	-371.071899414063	 		2973015873.01587	-2.53241348266602	 		2973015873.01587	-371.071899414063	 
2974603174.60317	-2.54376912117004	 		2974603174.60317	-371.976257324219	 		2974603174.60317	-2.54376912117004	 		2974603174.60317	-371.976257324219	 
2976190476.19048	-2.54599499702454	 		2976190476.19048	-372.821807861328	 		2976190476.19048	-2.54599499702454	 		2976190476.19048	-372.821807861328	 
2977777777.77778	-2.55786490440369	 		2977777777.77778	-373.758819580078	 		2977777777.77778	-2.55786490440369	 		2977777777.77778	-373.758819580078	 
2979365079.36508	-2.56355357170105	 		2979365079.36508	-374.657836914063	 		2979365079.36508	-2.56355357170105	 		2979365079.36508	-374.657836914063	 
2980952380.95238	-2.56246471405029	 		2980952380.95238	-375.485412597656	 		2980952380.95238	-2.56246471405029	 		2980952380.95238	-375.485412597656	 
2982539682.53968	-2.56472945213318	 		2982539682.53968	-376.4736328125	 		2982539682.53968	-2.56472945213318	 		2982539682.53968	-376.4736328125	 
2984126984.12698	-2.55316615104675	 		2984126984.12698	-377.537689208984	 		2984126984.12698	-2.55316615104675	 		2984126984.12698	-377.537689208984	 
2985714285.71429	-2.54293155670166	 		2985714285.71429	-378.534637451172	 		2985714285.71429	-2.54293155670166	 		2985714285.71429	-378.534637451172	 
2987301587.30159	-2.53110766410828	 		2987301587.30159	-379.605773925781	 		2987301587.30159	-2.53110766410828	 		2987301587.30159	-379.605773925781	 
2988888888.88889	-2.52176332473755	 		2988888888.88889	-380.398773193359	 		2988888888.88889	-2.52176332473755	 		2988888888.88889	-380.398773193359	 
2990476190.47619	-2.5071656703949	 		2990476190.47619	-381.300598144531	 		2990476190.47619	-2.5071656703949	 		2990476190.47619	-381.300598144531	 
2992063492.06349	-2.4886589050293	 		2992063492.06349	-382.397796630859	 		2992063492.06349	-2.4886589050293	 		2992063492.06349	-382.397796630859	 
2993650793.65079	-2.47524929046631	 		2993650793.65079	-383.567413330078	 		2993650793.65079	-2.47524929046631	 		2993650793.65079	-383.567413330078	 
2995238095.2381	-2.44688701629639	 		2995238095.2381	-384.4345703125	 		2995238095.2381	-2.44688701629639	 		2995238095.2381	-384.4345703125	 
2996825396.8254	-2.41771006584167	 		2996825396.8254	-385.469512939453	 		2996825396.8254	-2.41771006584167	 		2996825396.8254	-385.469512939453	 
2998412698.4127	-2.40062761306763	 		2998412698.4127	-386.479217529297	 		2998412698.4127	-2.40062761306763	 		2998412698.4127	-386.479217529297	 
3000000000	-2.37392020225525	 		3000000000	-387.671936035156	 		3000000000	-2.37392020225525	 		3000000000	-387.671936035156	 
